3.885234041690826423e+00 nan nan nan
3.893378745555877707e+00 nan nan nan
3.901523449420928991e+00 nan nan nan
3.909668153285980274e+00 nan nan nan
3.917812857151031558e+00 nan nan nan
3.925957561016082842e+00 nan nan nan
3.934102264881134126e+00 nan nan nan
3.942246968746185409e+00 nan nan nan
3.950391672611236693e+00 nan nan nan
3.958536376476287977e+00 nan nan nan
3.966681080341339261e+00 nan nan nan
3.974825784206390544e+00 nan nan nan
3.982970488071441828e+00 nan nan nan
3.991115191936493112e+00 -1.858285238508183002e-01 -8.548326493290228298e-03 1.498517106941508192e-01
3.999259895801544396e+00 -1.957222123266393887e-01 -3.195805365925625651e-03 1.834754013351331814e-01
4.007404599666595679e+00 -1.943000631331968375e-01 -9.385336536932069318e-03 1.685093640674062421e-01
4.015549303531646963e+00 -1.999648031334224085e-01 -2.167810517566191864e-02 1.503057560573552165e-01
4.023694007396698247e+00 -1.889466351493543361e-01 -1.214557420184944440e-02 1.608147327813078120e-01
4.031838711261749530e+00 -1.912364332067699180e-01 -1.272984707825241396e-02 1.617507497205407652e-01
4.039983415126800814e+00 -1.846519020100797492e-01 -6.238475699285203797e-03 1.564915788071649938e-01
4.048128118991852098e+00 -1.949273748675492690e-01 -1.312920387821945320e-03 1.702015478454120545e-01
4.056272822856903382e+00 -1.875721908230630341e-01 -8.247330662166913948e-03 1.582049501946263814e-01
4.064417526721954665e+00 -1.782129946529912579e-01 -5.795708185922481513e-03 1.631954834557158840e-01
4.072562230587005949e+00 -1.803448515493291104e-01 -2.684698511846213102e-03 1.713665604441977075e-01
4.080706934452057233e+00 -1.828388072080290028e-01 -1.844047628138074024e-03 1.728260857553985952e-01
4.088851638317108517e+00 -1.764540953841640669e-01 7.101595085719564736e-03 1.751284052150501869e-01
4.096996342182159800e+00 -1.715241109209149073e-01 8.331930588854966069e-03 1.674255642659610299e-01
4.105141046047211084e+00 -1.737253371641628852e-01 1.403257234047749699e-02 1.656998117975866935e-01
4.113285749912262368e+00 -1.660018976124914281e-01 1.103977461002071669e-02 1.850247564559145130e-01
4.121430453777313652e+00 -1.607247025838632604e-01 1.708225302615781066e-02 1.828222838272710316e-01
4.129575157642364935e+00 -1.670837352264069320e-01 1.883988866531964221e-02 1.770297236987485867e-01
4.137719861507416219e+00 -1.645094785484102207e-01 2.635722968425294882e-02 2.021359553288486210e-01
4.145864565372467503e+00 -1.486898716021263500e-01 3.460319181155995655e-02 1.860382303333244780e-01
4.154009269237518787e+00 -1.497594635517843220e-01 2.606115749280525293e-02 1.707532961584362352e-01
4.162153973102569182e+00 -1.713293146109352572e-01 2.068979281314517818e-02 1.926592008229562059e-01
4.170298676967620466e+00 -1.262198857899893556e-01 2.635365693443283974e-02 1.947384240695536062e-01
4.178443380832671750e+00 -1.495388548033842468e-01 4.214883407569412072e-02 1.953211908039863554e-01
4.186588084697723033e+00 -1.518574608326934139e-01 2.775828455164754474e-02 1.855782675724707287e-01
4.194732788562774317e+00 -1.319037436860258650e-01 4.998923634852415337e-02 2.075768239879803856e-01
4.202877492427825601e+00 -1.280639491095302840e-01 3.238971096288086743e-02 1.878963616776165302e-01
4.211022196292876885e+00 -1.078358069562827537e-01 6.331136697925895951e-02 1.859912577891494889e-01
4.219166900157928168e+00 -1.033496805890259523e-01 6.032992930782440227e-02 1.693151914490362009e-01
4.227311604022979452e+00 -1.039078013437038928e-01 5.329887865970802524e-02 1.880424686486164010e-01
4.235456307888030736e+00 -1.091898741125165301e-01 4.371916373906165748e-02 1.915208796539879799e-01
4.243601011753082020e+00 -9.137237490873520440e-02 5.929315506373068756e-02 1.890713650892482667e-01
4.251745715618133303e+00 -1.005324107559688596e-01 6.891148695035148597e-02 1.957635766638398112e-01
4.259890419483184587e+00 -6.310307999714058480e-02 7.400163922954396123e-02 1.996645374192972389e-01
4.268035123348235871e+00 -5.727071724948484127e-02 7.136197571259786376e-02 1.885280778306306637e-01
4.276179827213287155e+00 -9.465327403535854500e-02 7.149147940879810315e-02 2.095304609295603471e-01
4.284324531078338438e+00 -6.617965052042072693e-02 7.764964771851928793e-02 2.057013691964089674e-01
4.292469234943389722e+00 -6.680742749788970425e-02 7.657079828828081136e-02 2.105521726479639422e-01
4.300613938808441006e+00 -4.347092341435233875e-02 9.966690505009659362e-02 2.067311501520423256e-01
4.308758642673492290e+00 -3.332718543317839122e-02 8.727806822247416441e-02 2.434195160436929961e-01
4.316903346538543573e+00 -4.234262759430277440e-02 9.558774717161057366e-02 2.364184444575035959e-01
4.325048050403594857e+00 -7.074943555145385421e-02 8.263602172933090517e-02 2.054017136186039039e-01
4.333192754268646141e+00 -3.575923605176164338e-02 9.385611582848869816e-02 1.906438679154518756e-01
4.341337458133697425e+00 -4.735438959775789547e-02 7.190246599617818035e-02 1.905371657840518040e-01
4.349482161998748708e+00 -5.928019720982075774e-02 1.048382097630191634e-01 2.160930100762000206e-01
4.357626865863799992e+00 -7.579537697522811812e-02 9.333761322274722327e-02 2.095061948929031470e-01
4.365771569728851276e+00 -3.927661879953948942e-02 1.130168747446507888e-01 2.184747214183454245e-01
4.373916273593902559e+00 -5.081634851654190377e-02 8.915753555378615192e-02 2.046250885602867997e-01
4.382060977458953843e+00 -6.541029981157660267e-02 9.360123312754840830e-02 2.011746317800500172e-01
4.390205681324005127e+00 -2.526716535463769189e-02 1.073473667199504877e-01 2.374843931652170781e-01
4.398350385189056411e+00 -2.251889031591561285e-02 8.865468859927697065e-02 2.100722398204805941e-01
4.406495089054107694e+00 -7.281432261768681913e-02 9.725986257092433807e-02 2.481961913497933436e-01
4.414639792919158978e+00 -6.315775889865141157e-02 8.238073460322624386e-02 1.899617415631382478e-01
4.422784496784210262e+00 -5.246867367320795505e-02 9.135322033691406496e-02 1.996742374055094638e-01
4.430929200649261546e+00 -3.497562715888231227e-02 9.115823667692353471e-02 2.427119835443889706e-01
4.439073904514312829e+00 -6.456325620429302636e-02 8.687824034437455212e-02 2.031116674566177671e-01
4.447218608379364113e+00 -4.500449568319749710e-02 1.004601361952814353e-01 2.087422900803522496e-01
4.455363312244415397e+00 -6.257094588569342419e-02 7.505749139001108294e-02 2.240171008338413261e-01
4.463508016109466681e+00 -9.594158168456769220e-02 9.713765322847543737e-02 2.128725862562431403e-01
4.471652719974517964e+00 -6.263024644894130133e-02 8.555391583025123703e-02 2.162248406936944367e-01
4.479797423839569248e+00 -5.667102381222960394e-02 9.206001441695077503e-02 1.989047791848977953e-01
4.487942127704620532e+00 -7.864751904912772873e-02 6.672083901233695491e-02 1.824607699353342771e-01
4.496086831569671816e+00 -7.121514862390661282e-02 8.098959448733053512e-02 1.879247096767685532e-01
4.504231535434723099e+00 -7.195433418508692669e-02 7.979233380284364574e-02 1.882848555309956928e-01
4.512376239299774383e+00 -4.406270092218063372e-02 1.001536641775143122e-01 2.177927097979926174e-01
4.520520943164825667e+00 -1.155488230566246027e-01 9.387895152670178156e-02 1.998081214430153796e-01
4.528665647029876951e+00 -6.315843468701259900e-02 8.573340440835156007e-02 2.021122922351054341e-01
4.536810350894928234e+00 -7.456597844425497112e-02 9.292370794015619717e-02 2.069226912628713555e-01
4.544955054759979518e+00 -8.305748771956809884e-02 1.032749768079529173e-01 2.133104651664805007e-01
4.553099758625030802e+00 -8.070052006684855228e-02 8.547402894296778075e-02 2.160297511966547401e-01
4.561244462490082086e+00 -6.349301295272818946e-02 9.139285761469441438e-02 1.927133598429916217e-01
4.569389166355133369e+00 -5.917512441092372816e-02 9.097430871526246410e-02 2.073262516468787342e-01
4.577533870220184653e+00 -7.517726016552589430e-02 9.008161689584781584e-02 2.121796970241487668e-01
4.585678574085235937e+00 -8.216406833980935409e-02 6.986162381013026612e-02 1.896863914252897576e-01
4.593823277950287221e+00 -6.512283730213341837e-02 9.834882290815578909e-02 2.198891048186478736e-01
4.601967981815338504e+00 -7.339302365504483949e-02 8.638999539396621796e-02 2.065194912015842765e-01
4.610112685680389788e+00 -8.692875437194816368e-02 7.465988081906405061e-02 1.974417986597984676e-01
4.618257389545441072e+00 -9.020335192983876260e-02 6.906255615171635887e-02 2.019584391502421417e-01
4.626402093410492355e+00 -8.115150787057957837e-02 9.060204008241896922e-02 1.979998236467500061e-01
4.634546797275542751e+00 -1.200404197842286774e-01 7.748724425772640645e-02 2.006957475570094185e-01
4.642691501140594035e+00 -9.880256180371967123e-02 8.764224756177044218e-02 1.962249394630216637e-01
4.650836205005645319e+00 -1.156683918490931939e-01 5.549425071400396203e-02 1.833256622332565533e-01
4.658980908870696602e+00 -1.220116273169052912e-01 6.970124544413898449e-02 1.974583401466027677e-01
4.667125612735747886e+00 -1.113961083722189854e-01 7.880453674633097760e-02 2.256925702784572663e-01
4.675270316600799170e+00 -1.171222666454814071e-01 7.382389943789703646e-02 2.012963173759466928e-01
4.683415020465850453e+00 -1.365557604523839896e-01 7.528550672343775618e-02 1.966127546160479911e-01
4.691559724330901737e+00 -1.253889453664039089e-01 5.714728393196154277e-02 1.817386338668194601e-01
4.699704428195953021e+00 -1.464102897131215053e-01 6.866344277808507368e-02 1.974561826649830210e-01
4.707849132061004305e+00 -1.279530037491382055e-01 6.202873080099429587e-02 1.802803193881550858e-01
4.715993835926055588e+00 -1.503566810932271680e-01 6.006960095915504089e-02 1.844819833662607045e-01
4.724138539791106872e+00 -1.069248672022545948e-01 7.701054644982502362e-02 1.979901951937612925e-01
4.732283243656158156e+00 -1.385103457232480795e-01 6.378030598057701783e-02 1.854330216276365018e-01
4.740427947521209440e+00 -9.655433640999770695e-02 7.012440009643031158e-02 1.969655039904848193e-01
4.748572651386260723e+00 -1.743520558764505846e-01 5.815195189963238975e-02 1.776149641018253955e-01
4.756717355251312007e+00 -1.354609533291572243e-01 5.908844442895822696e-02 1.870766324547812609e-01
4.764862059116363291e+00 -1.425969083059922260e-01 5.756373036149085853e-02 1.839113461858139786e-01
4.773006762981414575e+00 -1.627890243511021517e-01 5.395498497753047767e-02 1.877400771528104084e-01
4.781151466846465858e+00 -1.671368743086210640e-01 5.535255323959168555e-02 2.026777551599420746e-01
4.789296170711517142e+00 -1.595615995646151586e-01 6.785203282716453788e-02 1.911962901278467797e-01
4.797440874576568426e+00 -1.743406824429354629e-01 5.098457088543163068e-02 1.806860240889018310e-01
4.805585578441619710e+00 -1.405021169997417163e-01 5.854437849883856182e-02 1.794497516065027276e-01
4.813730282306670993e+00 -1.543960381709249263e-01 2.269027481731768214e-02 1.735118661887464220e-01
4.821874986171722277e+00 -1.683448686033757469e-01 3.846982057720864379e-02 1.865563979105824555e-01
4.830019690036773561e+00 -1.521095022528381746e-01 5.575304739487123296e-02 1.867720204408387930e-01
4.838164393901824845e+00 -1.772764049302271994e-01 4.388486105133499598e-02 1.781379488788559506e-01
4.846309097766876128e+00 -1.798636444205325424e-01 2.423494940299791844e-02 1.921645716972188167e-01
4.854453801631927412e+00 -1.761918059641076895e-01 2.382058376271277075e-02 2.012268570207828289e-01
4.862598505496978696e+00 -1.581658786897271185e-01 3.657598675287303952e-02 1.839451509471814461e-01
4.870743209362029980e+00 -1.682662111379451264e-01 4.679186318091350938e-02 1.741822287037239070e-01
4.878887913227081263e+00 -1.803483645367990329e-01 3.324133928992433623e-02 1.802398359166026975e-01
4.887032617092132547e+00 -1.355644745672824614e-01 6.659797548035321924e-02 1.925321814088908623e-01
4.895177320957183831e+00 -2.151418058217104134e-01 4.128024154395351641e-02 1.698590131768419331e-01
4.903322024822235115e+00 -2.131226221074383753e-01 1.466444202911559511e-02 1.816418846556577260e-01
4.911466728687286398e+00 -1.711846395333976867e-01 1.805151619771428687e-03 1.658371493573342903e-01
4.919611432552337682e+00 -2.291508226362974909e-01 1.182460530038858398e-02 1.799092986563231578e-01
4.927756136417388966e+00 -1.840848803445981341e-01 4.283524141308033689e-02 1.832407064154098486e-01
4.935900840282440249e+00 -1.966078037954342717e-01 2.478389822272525009e-02 1.730134461290040171e-01
4.944045544147491533e+00 -1.780206123687650965e-01 3.668413825703149139e-02 1.853767451221352835e-01
4.952190248012542817e+00 -1.902396793398568597e-01 4.163904004698568140e-02 1.695271703521148698e-01
4.960334951877594101e+00 -1.615661558938989717e-01 6.772122248358854180e-02 1.759982143700772050e-01
4.968479655742645384e+00 -1.928847898544353012e-01 7.138839724466264011e-03 1.516137196481161242e-01
4.976624359607696668e+00 -1.845707244431133431e-01 4.799811106686602269e-02 1.839266786271438747e-01
4.984769063472747952e+00 -1.796776899219355572e-01 4.064303830099574855e-02 1.889994203580676879e-01
4.992913767337799236e+00 -1.992108008063854796e-01 4.843442865427680794e-02 1.884029542852828365e-01
5.001058471202850519e+00 -1.681974722316210979e-01 7.798869237754900430e-02 1.772588324141179672e-01
5.009203175067901803e+00 -2.159243435184813042e-01 3.165675428653257767e-02 1.836101646497502737e-01
5.017347878932953087e+00 -1.891936661406863340e-01 5.675943808584259925e-02 1.909642769335627155e-01
5.025492582798004371e+00 -1.858171914551578485e-01 3.745873814360816539e-02 1.769316339531871729e-01
5.033637286663055654e+00 -1.891434663606104405e-01 6.211598779968532935e-02 1.778913146343201745e-01
5.041781990528106938e+00 -2.200936665429688022e-01 1.223866452170341464e-02 1.797417279673449719e-01
5.049926694393158222e+00 -2.096094302040405200e-01 3.792403913674704391e-02 1.694675376496484198e-01
5.058071398258209506e+00 -2.450460069235230187e-01 7.102578046319040633e-03 1.685913294993734990e-01
5.066216102123260789e+00 -2.201146582479133751e-01 2.117052000109238136e-02 1.652241450346237650e-01
5.074360805988312073e+00 -2.253869935917409140e-01 3.505491269565080142e-02 1.662294491325906898e-01
5.082505509853363357e+00 -2.229707286208584271e-01 3.103618093866078453e-02 1.695207683128292786e-01
5.090650213718414641e+00 -1.965518625502715166e-01 4.602518288951196884e-02 1.871244077896547509e-01
5.098794917583465924e+00 -2.602102121177856664e-01 1.546592453940382958e-02 1.774163925116667706e-01
5.106939621448517208e+00 -2.640132146846014827e-01 3.040899110998739399e-03 1.756226793101756112e-01
5.115084325313568492e+00 -2.282159913743848911e-01 -7.773696024895080867e-03 1.644960080527312352e-01
5.123229029178619776e+00 -2.618736128047119416e-01 -1.486867685226815963e-02 1.715397730910435403e-01
5.131373733043671059e+00 -2.669597175502584352e-01 -2.243768530359548444e-02 1.539063142956662855e-01
5.139518436908722343e+00 -2.403418485335683807e-01 6.823892878384611380e-03 1.745990303055512671e-01
5.147663140773773627e+00 -2.664139741471254763e-01 -2.827734606983937221e-02 1.510270164699563378e-01
5.155807844638824911e+00 -2.752434785676053930e-01 -3.868509158183729146e-02 1.774002327646951038e-01
5.163952548503876194e+00 -2.640517752935821472e-01 8.536328170349092399e-04 1.862452963479943602e-01
5.172097252368927478e+00 -2.320961628549128575e-01 -8.921379115286192816e-04 1.800316447132318531e-01
5.180241956233978762e+00 -2.536142821735131725e-01 -6.634079670607812527e-03 1.829296528405869038e-01
5.188386660099030046e+00 -2.875213746996390096e-01 -2.591351211211451872e-02 1.654429352450056401e-01
5.196531363964081329e+00 -2.620774632793250181e-01 -6.466409392585701146e-03 1.629045411741477378e-01
5.204676067829132613e+00 -2.862732126217708006e-01 -4.397923311330819568e-02 1.673079439423771353e-01
5.212820771694183897e+00 -2.603168475487363520e-01 7.811217554435472867e-03 1.855326546563351442e-01
5.220965475559235180e+00 -2.732466010702416792e-01 -3.524601896420793967e-02 1.643486967049638814e-01
5.229110179424286464e+00 -2.633421642784256056e-01 -4.712762306198097634e-02 1.602603641315377414e-01
5.237254883289337748e+00 -2.902839272967160933e-01 -4.726684574581152543e-02 1.638278395006807220e-01
5.245399587154389032e+00 -2.803056359009035714e-01 -4.490983672957329226e-02 1.648120334489273087e-01
5.253544291019439427e+00 -2.602826444483853363e-01 -3.631898404577849071e-02 1.807347961764698696e-01
5.261688994884490711e+00 -2.793639162970295020e-01 -3.239422987257621622e-02 1.790755272419138899e-01
5.269833698749541995e+00 -2.891617045743544723e-01 -4.901790683204235860e-02 1.543717017840579020e-01
5.277978402614593278e+00 -2.622867901906999477e-01 -1.060978826669647414e-02 1.769447760971113448e-01
5.286123106479644562e+00 -3.061635797325509278e-01 -3.225746420237206313e-02 1.634896846020524874e-01
5.294267810344695846e+00 -2.938936244085758043e-01 -4.058886416554641913e-02 1.618901628153418815e-01
5.302412514209747130e+00 -2.951336599532482508e-01 -6.562699537634023028e-02 1.467814145954506044e-01
5.310557218074798413e+00 -3.052983951184000122e-01 -7.294974065013216935e-02 1.394533508684270562e-01
5.318701921939849697e+00 -3.059602997785650924e-01 -6.880101012564113216e-02 1.586329556411590624e-01
5.326846625804900981e+00 -3.132049714038446231e-01 -8.834730212925752391e-02 1.516840229922576389e-01
5.334991329669952265e+00 -3.270970789378969124e-01 -9.086566401752418920e-02 1.398576779997634245e-01
5.343136033535003548e+00 -3.124339838916048717e-01 -8.765790810288391632e-02 1.572633440433766627e-01
5.351280737400054832e+00 -3.397117301921086518e-01 -9.037339049015695458e-02 1.494938243709075798e-01
5.359425441265106116e+00 -3.268900473943029406e-01 -9.716515025110562809e-02 1.415757054304066509e-01
5.367570145130157400e+00 -3.261375327618177278e-01 -1.021254600164201720e-01 1.463530658681773955e-01
5.375714848995208683e+00 -3.262441053966652627e-01 -8.290108764248925455e-02 1.482166028801787105e-01
5.383859552860259967e+00 -3.159010545088875577e-01 -8.881258831963556588e-02 1.448885351567848478e-01
5.392004256725311251e+00 -3.652552033429278255e-01 -1.439304512614438536e-01 1.384481022743298817e-01
5.400148960590362535e+00 -3.641064506093557585e-01 -1.123029623495521157e-01 1.608578909662100043e-01
5.408293664455413818e+00 -3.674241883956881893e-01 -1.293847244288459930e-01 1.448361788433548403e-01
5.416438368320465102e+00 -3.643184884188229722e-01 -1.247315580578334249e-01 1.512236665292833460e-01
5.424583072185516386e+00 -3.808783451936076370e-01 -1.407823015704499081e-01 1.523587485199209557e-01
5.432727776050567670e+00 -3.779182760796290230e-01 -1.593137791318998686e-01 1.472575324942186070e-01
5.440872479915618953e+00 -3.962327904222636143e-01 -1.453673283680449735e-01 1.445486305842536845e-01
5.449017183780670237e+00 -3.987502843051280998e-01 -1.385029471227551545e-01 1.447941249067589697e-01
5.457161887645721521e+00 -4.124079861591792295e-01 -1.851250123693265748e-01 1.308243149231588520e-01
5.465306591510772805e+00 -3.965807092468878192e-01 -1.736461274069356353e-01 1.454246786460743068e-01
5.473451295375824088e+00 -4.096614333714170275e-01 -1.710830910266865346e-01 1.292354319905917315e-01
5.481595999240875372e+00 -4.321799849544784577e-01 -2.003239617111810533e-01 1.123826600296333328e-01
5.489740703105926656e+00 -4.116595948725395582e-01 -1.958819569590783960e-01 1.280513229113543205e-01
5.497885406970977940e+00 -4.329126530558477515e-01 -1.950809741450683921e-01 1.217093796118501325e-01
5.506030110836029223e+00 -4.690784396801990219e-01 -1.925568662137596698e-01 1.290539466045912964e-01
5.514174814701080507e+00 -4.735421533212044176e-01 -1.981947147036170753e-01 1.214761078989031184e-01
5.522319518566131791e+00 -4.857064546546810413e-01 -2.054905623771150769e-01 1.106785257546613471e-01
5.530464222431183074e+00 -4.681212780399579554e-01 -2.149664387594707182e-01 1.071355139268679590e-01
5.538608926296234358e+00 -5.002485884987363240e-01 -2.224873968448916606e-01 1.160813872316992235e-01
5.546753630161285642e+00 -4.965178095758273624e-01 -2.171814689282583477e-01 1.059465165584471541e-01
5.554898334026336926e+00 -5.129553018554343646e-01 -2.247826335873389370e-01 1.066405243915824336e-01
5.563043037891388209e+00 -5.189287114204823581e-01 -2.383081892688092840e-01 9.805617643938269179e-02
5.571187741756439493e+00 -5.234849419387674896e-01 -2.292108858641831448e-01 1.058338052230432536e-01
5.579332445621490777e+00 -5.528433975352039509e-01 -2.454410288483544200e-01 8.477339157071203668e-02
5.587477149486542061e+00 -5.664436491452905509e-01 -2.502052918961994998e-01 9.841016409951346133e-02
5.595621853351593344e+00 -5.842214003273910050e-01 -2.596258967064457024e-01 8.999395294902853837e-02
5.603766557216644628e+00 -5.916267857905956884e-01 -2.628950911724899919e-01 8.218914436427690595e-02
5.611911261081695912e+00 -6.028264661635749366e-01 -2.705372557478675222e-01 7.216434532665780277e-02
5.620055964946747196e+00 -6.078961842410915972e-01 -2.731676944311922650e-01 8.624170055123156486e-02
5.628200668811798479e+00 -6.270315630835509024e-01 -2.900743875463488441e-01 6.364136538289262568e-02
5.636345372676849763e+00 -6.418017648906344519e-01 -2.939608129876606912e-01 6.972341242056352695e-02
5.644490076541900159e+00 -6.661306797725239370e-01 -3.145251262514309198e-01 5.781324919846674709e-02
5.652634780406951442e+00 -6.758813897228260759e-01 -3.066932971372816064e-01 6.081916300106744028e-02
5.660779484272002726e+00 -6.926854872668510854e-01 -3.332616378421240921e-01 4.834786952624228057e-02
5.668924188137054010e+00 -7.010694545489980500e-01 -3.238661158816979468e-01 4.906468003603637468e-02
5.677068892002105294e+00 -7.153159891604690124e-01 -3.447993415909563208e-01 2.614580778825466648e-02
5.685213595867156577e+00 -7.229894874882745182e-01 -3.488638715758007325e-01 2.927881903627498061e-02
5.693358299732207861e+00 -7.209148328899595004e-01 -3.469472676667940680e-01 2.420992909234540025e-02
5.701503003597259145e+00 -7.369745294375381617e-01 -3.588140386720112263e-01 3.066483117915778933e-02
5.709647707462310429e+00 -7.388737300425710641e-01 -3.578338711157052487e-01 2.301602505727538134e-02
5.717792411327361712e+00 -7.621767611153035249e-01 -3.755668355054208596e-01 2.269315035170486883e-02
5.725937115192412996e+00 -7.629504734660892407e-01 -3.790399266757441543e-01 2.592556820624824371e-02
5.734081819057464280e+00 -7.779043029871774984e-01 -3.789048640066086659e-01 1.260306025154768299e-02
5.742226522922515564e+00 -7.731476477677500236e-01 -3.840911378813499089e-01 1.120624619851548660e-02
5.750371226787566847e+00 -7.934214889053633479e-01 -3.963040100055297832e-01 1.300522927537381412e-02
5.758515930652618131e+00 -8.177788020304114225e-01 -3.913733195866220260e-01 1.216294382933868178e-02
5.766660634517669415e+00 -8.220194075321687333e-01 -4.031032056584185619e-01 7.065303103442785795e-03
5.774805338382720699e+00 -8.370823937380600377e-01 -4.083265894106274940e-01 8.547385123462418466e-03
5.782950042247771982e+00 -8.399069738525181128e-01 -4.148088816255725564e-01 3.147050947073158807e-03
5.791094746112823266e+00 -8.332162053275959934e-01 -4.071102715804554295e-01 1.085342646387280063e-02
5.799239449977874550e+00 -8.652177146669628449e-01 -4.099183948087327112e-01 1.408987647630490642e-02
5.807384153842925834e+00 -8.534365159320087546e-01 -3.992953523964555274e-01 1.197632039995798030e-02
5.815528857707977117e+00 -8.901056531303486175e-01 -4.038566693912511996e-01 4.603202449159717047e-03
5.823673561573028401e+00 -8.944331311399243978e-01 -3.949283330935154379e-01 1.718531458934152711e-02
5.831818265438079685e+00 -8.985032549931001311e-01 -4.086071843096441558e-01 2.074249067748896308e-02
5.839962969303130969e+00 -9.132211436232822166e-01 -3.973114520508282954e-01 1.502309811884535058e-02
5.848107673168182252e+00 -9.217607904396929452e-01 -4.091094493165531865e-01 7.664295982606638205e-03
5.856252377033233536e+00 -9.287874447057027361e-01 -3.876847773158511035e-01 1.859276465364373063e-02
5.864397080898284820e+00 -9.270654777761907495e-01 -3.718842528490712285e-01 1.708428412902886565e-02
5.872541784763336103e+00 -9.377957395135161356e-01 -3.688834807609361333e-01 1.261050639103175955e-02
5.880686488628387387e+00 -9.463136059914932785e-01 -3.624168227504331319e-01 1.639321151189434417e-02
5.888831192493438671e+00 -9.452837305684633762e-01 -3.521272660370758367e-01 7.944042456827208123e-03
5.896975896358489955e+00 -9.259185318581419910e-01 -3.383407413384499907e-01 1.333374431098153200e-02
5.905120600223541238e+00 -9.519191235859181255e-01 -3.436826326136340204e-01 6.128230552313609913e-03
5.913265304088592522e+00 -9.108573147970190353e-01 -3.064869797854857802e-01 1.899441741177666787e-02
5.921410007953643806e+00 -9.397237485209676278e-01 -3.182538954033996004e-01 1.211795366437077096e-02
5.929554711818695090e+00 -9.347794380779728129e-01 -3.039182844807019057e-01 8.848419675468758780e-03
5.937699415683746373e+00 -9.289563198779884345e-01 -2.973205686495749012e-01 9.395257067959869243e-03
5.945844119548797657e+00 -9.089636650889170166e-01 -2.850808485033832773e-01 1.527657749134811102e-02
5.953988823413848941e+00 -8.800449775639056504e-01 -2.707045072171049838e-01 1.638151475016817391e-02
5.962133527278900225e+00 -8.817016192634729022e-01 -2.602606275197467123e-01 1.845076885723757887e-02
5.970278231143951508e+00 -8.655296095010491797e-01 -2.752023914068920663e-01 1.704318973463719508e-02
5.978422935009002792e+00 -8.147058074843219755e-01 -2.495074771571000050e-01 2.752146087753908413e-02
5.986567638874054076e+00 -8.731032236199938179e-01 -2.676906700061134625e-01 1.289139231096027467e-02
5.994712342739105360e+00 -8.377373476788478879e-01 -2.435232461779061885e-01 2.586775604498428582e-02
6.002857046604156643e+00 -8.187995631846425315e-01 -2.520962803252969620e-01 2.861622524477802978e-02
6.011001750469207927e+00 -8.464085583036725646e-01 -2.612690697485235414e-01 2.522773926407510456e-02
6.019146454334259211e+00 -8.360711440422128327e-01 -2.541978443841612090e-01 3.499854641846254083e-02
6.027291158199310495e+00 -8.083897922531262381e-01 -2.636563764379251107e-01 2.953698289516316217e-02
6.035435862064361778e+00 -8.313906963207614575e-01 -2.697705128389993323e-01 2.628341400813685030e-02
6.043580565929413062e+00 -7.846308644391223330e-01 -2.503218172585064405e-01 3.352033245391686234e-02
6.051725269794464346e+00 -8.294549658634315925e-01 -2.363484492736502574e-01 3.756049972160585559e-02
6.059869973659515630e+00 -7.932597442268808363e-01 -2.354779778464602680e-01 4.701877798919411322e-02
6.068014677524566913e+00 -8.025853721996105694e-01 -2.158993878521106302e-01 5.069862914257763920e-02
6.076159381389618197e+00 -7.608215336726878997e-01 -2.062510597409707158e-01 5.705455472770627062e-02
6.084304085254669481e+00 -7.716652249355903104e-01 -2.076155104361961934e-01 6.672908524780186978e-02
6.092448789119720765e+00 -7.533064721703567335e-01 -1.912630016561260027e-01 7.084897711829404865e-02
6.100593492984772048e+00 -7.435502343999725872e-01 -1.650798741455443697e-01 8.642875551514996035e-02
6.108738196849823332e+00 -6.946556302426614149e-01 -1.707387432652672787e-01 9.916304939388313755e-02
6.116882900714874616e+00 -7.142105695445156721e-01 -1.509850498237150507e-01 8.968467987342083891e-02
6.125027604579925899e+00 -6.730688147436462154e-01 -1.421081546781188254e-01 1.203226220989411371e-01
6.133172308444977183e+00 -6.822485080939916235e-01 -1.404734937974640718e-01 1.259072069803069960e-01
6.141317012310028467e+00 -6.310428524041045151e-01 -1.266693753148577795e-01 1.198705201492938077e-01
6.149461716175079751e+00 -5.992120116879036118e-01 -9.703146018804917339e-02 1.448796849333136572e-01
6.157606420040131034e+00 -5.265366831156159666e-01 -9.472114349245641662e-02 1.457269252652071967e-01
6.165751123905182318e+00 -5.702699979726929547e-01 -1.009254467427292828e-01 1.570164196654708633e-01
6.173895827770233602e+00 -5.173400545377268012e-01 -8.286746891985816155e-02 1.636771193376452826e-01
6.182040531635284886e+00 -3.914916508833304887e-01 -4.493869058779198511e-02 2.107495755201153897e-01
6.190185235500336169e+00 -4.274638036232038529e-01 -4.183117865463695934e-02 2.114628449997445203e-01
6.198329939365387453e+00 -3.595484566765108081e-01 -4.074470288888105279e-02 2.387138093047908860e-01
6.206474643230438737e+00 -3.078845287280096987e-01 -2.881052124841761500e-02 2.447755869448159372e-01
6.214619347095490021e+00 -3.034315849393889875e-01 -1.684535136533274469e-02 2.417184175306854865e-01
6.222764050960541304e+00 -2.968720849782327531e-01 -2.211962664748055862e-02 2.608512521710961707e-01
6.230908754825592588e+00 -2.400544624789547332e-01 -2.971683354979645642e-03 2.835426048309601654e-01
6.239053458690643872e+00 -2.239753415258701752e-01 1.915682321750579106e-02 2.868794490221198146e-01
6.247198162555695156e+00 -2.077250042853675260e-01 2.449853272970935886e-02 2.800784214735881905e-01
6.255342866420746439e+00 -1.659911568118131453e-01 4.249318346051447759e-02 2.961025084367611138e-01
6.263487570285797723e+00 -1.449985506299441007e-01 4.886613790796182077e-02 2.991607181787387382e-01
6.271632274150849007e+00 -1.418100375401753488e-01 4.936879696997056172e-02 3.040389416093470798e-01
6.279776978015900291e+00 -1.222293144473121790e-01 5.793252467796234512e-02 3.158080577817768964e-01
6.287921681880951574e+00 -1.016919165641503725e-01 5.308435915489410906e-02 3.489992228377881145e-01
6.296066385746002858e+00 -1.051931521303162836e-01 1.028747787561589133e-01 3.229239320592328100e-01
6.304211089611054142e+00 -8.381660475849750380e-02 7.666424411667806249e-02 3.392999329518128215e-01
6.312355793476105426e+00 -9.181546297345043184e-02 9.082662579126637992e-02 3.470690273623952549e-01
6.320500497341156709e+00 -8.582441368797519288e-02 9.034081129998562665e-02 3.603493930473785078e-01
6.328645201206207993e+00 -7.893306405898581346e-02 9.501227640518901396e-02 3.403902600570182790e-01
6.336789905071259277e+00 -8.068690969768031740e-02 9.568876994333072594e-02 3.632746866621763271e-01
6.344934608936310561e+00 -7.307168652798666508e-02 1.013672056834441504e-01 3.754083886250816904e-01
6.353079312801360956e+00 -7.936916629333241879e-02 1.202006045499147135e-01 3.710090827564678229e-01
6.361224016666412240e+00 -9.613033185103461720e-02 9.333395161916192839e-02 3.575272902101963024e-01
6.369368720531463524e+00 -8.296971728245902677e-02 1.042204666474060709e-01 3.471272340116802746e-01
6.377513424396514807e+00 -6.543887044623276916e-02 1.179242807354747430e-01 3.867407705871617196e-01
6.385658128261566091e+00 -6.682991493079012968e-02 1.485763701979922746e-01 3.780718687324109983e-01
6.393802832126617375e+00 -7.522981426201963417e-02 1.142993844216865645e-01 3.495632560689827528e-01
6.401947535991668659e+00 -6.381591653370023709e-02 1.454880989503253008e-01 3.854702342338027221e-01
6.410092239856719942e+00 -6.623441832761212122e-02 1.234338522069460681e-01 3.902672949891683452e-01
6.418236943721771226e+00 -7.981013352257675109e-02 1.094384669938262833e-01 3.654006303960026791e-01
6.426381647586822510e+00 -6.350681330838342520e-02 1.381814819439094177e-01 3.818080528711113031e-01
6.434526351451873794e+00 -6.151327084086195829e-02 1.496959212015150364e-01 3.747921885056903490e-01
6.442671055316925077e+00 -4.381987958238703351e-02 1.806918499530371924e-01 3.974920588752934303e-01
6.450815759181976361e+00 -5.405367735139128549e-02 1.682778628156075817e-01 3.688198979693112500e-01
6.458960463047027645e+00 -5.216930171591783322e-02 1.545200953099736263e-01 3.511150119501454947e-01
6.467105166912078928e+00 -6.126605013036948155e-02 1.902367411346165271e-01 3.828388842774980705e-01
6.475249870777130212e+00 -4.680091659585336461e-02 1.705914536359128542e-01 3.889481990550288648e-01
6.483394574642181496e+00 -4.106441389410508958e-02 1.631101875170558324e-01 3.671388619113091223e-01
6.491539278507232780e+00 -6.604491029922775203e-02 1.467111748607975996e-01 3.641824949045517346e-01
6.499683982372284063e+00 -5.891707445634421919e-02 1.678133853526373731e-01 3.884676812775890165e-01
6.507828686237335347e+00 -3.045790386713135081e-02 2.305153349589071088e-01 4.020727390149810843e-01
6.515973390102386631e+00 -3.839333310947121158e-02 1.791610647849181670e-01 4.047736746006975750e-01
6.524118093967437915e+00 -5.165685734518014882e-02 1.644303013995737639e-01 3.690133521689960561e-01
6.532262797832489198e+00 -5.112436417122721150e-02 1.788133519122597770e-01 3.960652170840748276e-01
6.540407501697540482e+00 -8.303355953530593137e-02 1.611971966108727561e-01 4.025685492345444927e-01
6.548552205562591766e+00 -4.933612367774285745e-02 1.632280791128077890e-01 3.754060094777132428e-01
6.556696909427643050e+00 -3.105769724386152342e-02 2.049381005763011021e-01 3.805962653239814975e-01
6.564841613292694333e+00 -5.166261920860799883e-02 1.948428277774739981e-01 3.558790619999984139e-01
6.572986317157745617e+00 -3.835015807539601806e-02 1.925223173982388569e-01 3.762015674754058958e-01
6.581131021022796901e+00 -3.076104523177627947e-02 1.995466601945375396e-01 3.822282251515317641e-01
6.589275724887848185e+00 -4.049197309874773970e-02 2.124325572823218544e-01 3.929539367666788352e-01
6.597420428752899468e+00 -4.811029261439083576e-02 1.671076880516932373e-01 3.780505728761697770e-01
6.605565132617950752e+00 -5.938604872842453281e-02 2.415874086253287367e-01 4.241811796409478141e-01
6.613709836483002036e+00 -6.390534703069336575e-02 2.103719069598351810e-01 3.802684348213435928e-01
6.621854540348053320e+00 -3.716576075310397409e-02 2.317497732974227176e-01 4.119928683410022385e-01
6.629999244213103715e+00 -1.921175253594618187e-02 2.595105752892578055e-01 4.095221008040533239e-01
6.638143948078154999e+00 1.785071716831520758e-02 2.558266167136349356e-01 4.121001537474127119e-01
6.646288651943206283e+00 -7.280160128424911260e-03 2.646366253580262895e-01 4.193555285715169223e-01
6.654433355808257566e+00 -5.329037971741754087e-02 2.343727749880684108e-01 4.145258302593477495e-01
6.662578059673308850e+00 1.877042155864379683e-02 2.895196810778588592e-01 4.182166371227568069e-01
6.670722763538360134e+00 -1.144237463623433426e-02 2.953628171319850892e-01 4.384514278533225284e-01
6.678867467403411418e+00 -5.082513419410366468e-02 2.944067385817930593e-01 4.419159600438443691e-01
6.687012171268462701e+00 -3.088648877155386607e-02 2.486658638200208993e-01 4.037873365640781143e-01
6.695156875133513985e+00 1.630914841001875407e-02 3.192616282953766871e-01 4.240426782245407811e-01
6.703301578998565269e+00 -6.309676646101855524e-02 2.587729304541404596e-01 4.037434322965801070e-01
6.711446282863616553e+00 1.380566837758189121e-02 2.803202959254983972e-01 4.311905580668422000e-01
6.719590986728667836e+00 -2.407093856858299671e-02 2.744962433846862560e-01 4.204543147885182464e-01
6.727735690593719120e+00 7.859295526382505115e-02 2.982151440935328357e-01 4.169729191228538911e-01
6.735880394458770404e+00 -1.924172287756212643e-02 2.861327929841699369e-01 4.315417933339161238e-01
6.744025098323821688e+00 6.577111491169320562e-03 2.952842298460837678e-01 4.242835185245026897e-01
6.752169802188872971e+00 -5.501395912436424229e-02 2.677391918321074815e-01 4.154385903528207136e-01
6.760314506053924255e+00 -3.601639448558387711e-03 2.518005745101487003e-01 4.276334956203723392e-01
6.768459209918975539e+00 3.840748055741931982e-02 3.389531010904415775e-01 4.246801691099563736e-01
6.776603913784026822e+00 1.808322594095058099e-03 2.879472593412752968e-01 4.487580868330539596e-01
6.784748617649078106e+00 1.715186056161243505e-02 3.295903409689471819e-01 4.447451819113670823e-01
6.792893321514129390e+00 1.627458095341282468e-02 2.911100929406144067e-01 4.350149401693768070e-01
6.801038025379180674e+00 9.130432703089030877e-02 3.417684624462975496e-01 4.381117314425216347e-01
6.809182729244231957e+00 2.499889222535493435e-02 3.202935627763158766e-01 4.197692550851673254e-01
6.817327433109283241e+00 1.146547702239304883e-01 3.598614218138700971e-01 4.569873297124407707e-01
6.825472136974334525e+00 2.608708962554077970e-02 3.553387273578323957e-01 4.485356650434090819e-01
6.833616840839385809e+00 1.768662751573491232e-01 3.361575991646043038e-01 4.550638024159182615e-01
6.841761544704437092e+00 8.672390420498478358e-02 3.424810758403909472e-01 4.492743398654452935e-01
6.849906248569488376e+00 3.042018330007351806e-02 3.471920676069076284e-01 4.385685405717164587e-01
6.858050952434539660e+00 4.915647616933636888e-02 3.240916694806760256e-01 4.357631614156521338e-01
6.866195656299590944e+00 1.306278909530903844e-02 3.397056351541603569e-01 4.391691227315172585e-01
6.874340360164642227e+00 1.369315283769031999e-01 3.578697958006629154e-01 4.474413175302757728e-01
6.882485064029693511e+00 6.072203547871776741e-02 4.027975650419694520e-01 4.895657968636839552e-01
6.890629767894744795e+00 8.567847245338423845e-02 3.684379984651003914e-01 4.702011020675557207e-01
6.898774471759796079e+00 1.835222248295614034e-01 3.642698715221082684e-01 4.590470678792613612e-01
6.906919175624847362e+00 1.187897009017305633e-01 3.518318717923958339e-01 4.607978710370521647e-01
6.915063879489898646e+00 1.569012712503436990e-01 3.729902181439318509e-01 4.695687469195432007e-01
6.923208583354949930e+00 2.903694616040276011e-01 4.097806702327598249e-01 4.807965713756131576e-01
6.931353287220001214e+00 2.239770809487892089e-01 3.770306999594585373e-01 4.744811066737457672e-01
6.939497991085052497e+00 2.820486485923080489e-01 4.268080653582351225e-01 4.797620744070383303e-01
6.947642694950103781e+00 1.601699395137631543e-01 3.764836290591700441e-01 4.544021251544332340e-01
6.955787398815155065e+00 9.662354218238838888e-02 3.641854545045691838e-01 4.580071475230440559e-01
6.963932102680206349e+00 1.893801208232420430e-01 4.062166732978961248e-01 4.926898376087143760e-01
6.972076806545257632e+00 2.253352789976153792e-01 4.244110282616139207e-01 4.897676639164189050e-01
6.980221510410308916e+00 2.963846429473657174e-01 3.725039281189678753e-01 4.537206559263060046e-01
6.988366214275360200e+00 2.139077278174390528e-01 3.649947457455400279e-01 4.908542021887924434e-01
6.996510918140411484e+00 2.345282680464222114e-01 3.779857155374984345e-01 4.634772515088089184e-01
7.004655622005462767e+00 nan nan nan
7.012800325870514051e+00 nan nan nan
7.020945029735565335e+00 nan nan nan
7.029089733600616619e+00 nan nan nan
7.037234437465667902e+00 nan nan nan
7.045379141330719186e+00 nan nan nan
7.053523845195770470e+00 nan nan nan
7.061668549060821753e+00 nan nan nan
7.069813252925873037e+00 nan nan nan
7.077957956790924321e+00 nan nan nan
7.086102660655975605e+00 nan nan nan
7.094247364521026888e+00 nan nan nan
7.102392068386078172e+00 nan nan nan
7.110536772251129456e+00 nan nan nan
7.118681476116180740e+00 nan nan nan
7.126826179981232023e+00 nan nan nan
7.134970883846283307e+00 nan nan nan
7.143115587711334591e+00 nan nan nan
7.151260291576385875e+00 nan nan nan
7.159404995441437158e+00 nan nan nan
7.167549699306488442e+00 nan nan nan
7.175694403171539726e+00 nan nan nan
7.183839107036591010e+00 nan nan nan
7.191983810901642293e+00 nan nan nan
7.200128514766693577e+00 nan nan nan
7.208273218631744861e+00 nan nan nan
7.216417922496796145e+00 nan nan nan
7.224562626361847428e+00 nan nan nan
7.232707330226898712e+00 nan nan nan
7.240852034091949996e+00 nan nan nan
7.248996737957001280e+00 nan nan nan
7.257141441822052563e+00 nan nan nan
7.265286145687103847e+00 nan nan nan
7.273430849552155131e+00 nan nan nan
7.281575553417206415e+00 nan nan nan
7.289720257282257698e+00 nan nan nan
7.297864961147308982e+00 nan nan nan
7.306009665012360266e+00 nan nan nan
7.314154368877411549e+00 nan nan nan
7.322299072742462833e+00 nan nan nan
7.330443776607514117e+00 nan nan nan
7.338588480472565401e+00 nan nan nan
7.346733184337616684e+00 nan nan nan
7.354877888202667968e+00 nan nan nan
7.363022592067719252e+00 nan nan nan
7.371167295932770536e+00 nan nan nan
7.379311999797821819e+00 nan nan nan
7.387456703662873103e+00 nan nan nan
7.395601407527923499e+00 nan nan nan
7.403746111392974782e+00 nan nan nan
7.411890815258026066e+00 nan nan nan
7.420035519123077350e+00 nan nan nan
7.428180222988128634e+00 nan nan nan
7.436324926853179917e+00 nan nan nan
7.444469630718231201e+00 nan nan nan
7.452614334583282485e+00 nan nan nan
7.460759038448333769e+00 nan nan nan
7.468903742313385052e+00 nan nan nan
7.477048446178436336e+00 nan nan nan
7.485193150043487620e+00 nan nan nan
7.493337853908538904e+00 nan nan nan
7.501482557773590187e+00 nan nan nan
7.509627261638641471e+00 nan nan nan
7.517771965503692755e+00 nan nan nan
7.525916669368744039e+00 nan nan nan
7.534061373233795322e+00 nan nan nan
7.542206077098846606e+00 nan nan nan
7.550350780963897890e+00 nan nan nan
7.558495484828949174e+00 nan nan nan
7.566640188694000457e+00 nan nan nan
7.574784892559051741e+00 nan nan nan
7.582929596424103025e+00 nan nan nan
7.591074300289154309e+00 nan nan nan
7.599219004154205592e+00 nan nan nan
7.607363708019256876e+00 nan nan nan
7.615508411884308160e+00 nan nan nan
7.623653115749359443e+00 nan nan nan
7.631797819614410727e+00 nan nan nan
7.639942523479462011e+00 nan nan nan
7.648087227344513295e+00 nan nan nan
7.656231931209564578e+00 nan nan nan
7.664376635074615862e+00 nan nan nan
7.672521338939666258e+00 nan nan nan
7.680666042804717542e+00 nan nan nan
7.688810746669768825e+00 nan nan nan
7.696955450534820109e+00 nan nan nan
7.705100154399871393e+00 nan nan nan
7.713244858264922676e+00 nan nan nan
7.721389562129973960e+00 nan nan nan
7.729534265995025244e+00 nan nan nan
7.737678969860076528e+00 nan nan nan
7.745823673725127811e+00 nan nan nan
7.753968377590179095e+00 nan nan nan
7.762113081455230379e+00 nan nan nan
7.770257785320281663e+00 nan nan nan
7.778402489185332946e+00 nan nan nan
7.786547193050384230e+00 nan nan nan
7.794691896915435514e+00 nan nan nan
7.802836600780486798e+00 nan nan nan
7.810981304645538081e+00 nan nan nan
7.819126008510589365e+00 nan nan nan
7.827270712375640649e+00 nan nan nan
7.835415416240691933e+00 nan nan nan
7.843560120105743216e+00 nan nan nan
7.851704823970794500e+00 nan nan nan
7.859849527835845784e+00 nan nan nan
7.867994231700897068e+00 nan nan nan
7.876138935565948351e+00 nan nan nan
7.884283639430999635e+00 nan nan nan
7.892428343296050919e+00 nan nan nan
7.900573047161102203e+00 nan nan nan
7.908717751026153486e+00 nan nan nan
7.916862454891204770e+00 nan nan nan
7.925007158756256054e+00 nan nan nan
7.933151862621307338e+00 nan nan nan
7.941296566486358621e+00 nan nan nan
7.949441270351409905e+00 nan nan nan
