# log10(T[K])  Vol_PDF  Mass_PDF  Diff_emm  Den_pdf
3.993009567260742188e+00 5.331403502361436487e-03 6.049676589176340435e-01 2.121251486416617649e-01 7.085310413518890904e+00
3.999029159545898438e+00 5.309185857405643999e-03 6.136304675348627224e-01 2.374403747498339823e-01 6.955755455738850124e+00
4.005048751831054688e+00 5.621513567752128154e-03 6.347301176121057376e-01 2.695740591860016910e-01 7.325609736851857789e+00
4.011067867279052734e+00 5.782620825267763449e-03 6.527685259850271038e-01 3.111629578075257307e-01 7.443355460607347318e+00
4.017086982727050781e+00 6.164279106770166432e-03 7.437587041897951723e-01 4.027306370894591647e-01 9.346065527706702625e+00
4.023106575012207031e+00 6.432850273303635305e-03 7.527850746430235773e-01 4.535485799347072633e-01 9.171398970912981952e+00
4.029126167297363281e+00 6.856618672148919943e-03 7.762123537224293601e-01 5.206310387777961513e-01 9.111499089933925433e+00
4.035145282745361328e+00 6.583898832701102002e-03 7.595207750587473772e-01 5.762266263359686613e-01 8.772987001118632833e+00
4.041164398193359375e+00 7.348526422696248853e-03 7.723587622163007316e-01 6.492347972516984145e-01 8.364718430625243784e+00
4.047183990478515625e+00 7.295202169567611451e-03 7.617051743369910310e-01 7.228883881028093095e-01 8.156390103983557793e+00
4.053203582763671875e+00 7.945318306519221288e-03 8.090235837361277049e-01 9.035087889344955991e-01 8.904652635966263219e+00
4.059222698211669922e+00 7.901509536888395857e-03 8.391846100820198329e-01 1.078244211421739873e+00 8.999324563136910982e+00
4.065241813659667969e+00 7.589846985407785671e-03 7.627551378413609529e-01 1.125313698721752242e+00 7.598823192354560163e+00
4.071261405944824219e+00 7.685736805042702943e-03 7.151292159640373347e-01 1.156878192420470519e+00 6.136489625971485395e+00
4.077280998229980469e+00 8.058928367289162550e-03 7.193656585758669841e-01 1.326277906017607311e+00 5.809662832711753211e+00
4.083300113677978516e+00 8.287569850087814216e-03 6.775229765936606752e-01 1.368814179800241781e+00 4.840698288164681173e+00
4.089319229125976562e+00 8.214883719916434707e-03 6.399248125036021140e-01 1.465076450761467308e+00 4.252903143467640312e+00
4.095338821411132812e+00 8.296041282179788742e-03 6.442359887452746570e-01 1.693676826182906936e+00 4.080427082252515270e+00
4.101358413696289062e+00 8.710277120107542612e-03 6.190180720367156608e-01 1.819032416484451797e+00 3.453163559146373185e+00
4.107377529144287109e+00 8.897809030229415772e-03 5.650479020978953493e-01 1.791758289974035856e+00 2.731133243720848203e+00
4.113396644592285156e+00 8.282579654428823615e-03 5.050475335194738458e-01 1.737046174090132400e+00 2.142419875287148390e+00
4.119416236877441406e+00 8.245762682579619793e-03 4.697534515461527227e-01 1.693772809699161552e+00 1.701949187980911660e+00
4.125435829162597656e+00 8.157182437689780921e-03 4.357633105510611560e-01 1.690762380589208247e+00 1.385520636313164466e+00
4.131454944610595703e+00 7.941931387116405935e-03 4.158619932208277858e-01 1.779852104560190940e+00 1.264661368027495403e+00
4.137474060058593750e+00 8.478373306127901660e-03 4.162268261383462731e-01 1.892397016480155569e+00 1.088930849687882008e+00
4.143493652343750000e+00 8.240221106060404213e-03 3.799954017919993099e-01 1.844566253355292007e+00 9.024668259785217916e-01
4.149513244628906250e+00 8.449853741263110146e-03 3.617762013940689636e-01 1.841900171088302285e+00 7.900853513652921212e-01
4.155532360076904297e+00 7.637416857093431988e-03 3.210219724640336336e-01 1.670396455904656463e+00 6.209357141015773296e-01
4.161551475524902344e+00 7.453761380219827565e-03 2.884708576811464975e-01 1.676276929314459929e+00 5.499650866795564585e-01
4.167571067810058594e+00 7.788489027815172043e-03 2.789561924036760843e-01 1.592166084979144802e+00 4.611204985496498709e-01
4.173590660095214844e+00 6.833979594457514038e-03 2.329934333632096843e-01 1.486584199794756200e+00 3.917187837402179573e-01
4.179609775543212891e+00 7.617620196457595277e-03 2.381528045086721002e-01 1.497591508034493035e+00 3.572982398006688265e-01
4.185628890991210938e+00 7.199289177959982029e-03 2.166649139797954815e-01 1.241169998762692739e+00 2.806512816993640413e-01
4.191648483276367188e+00 6.399657825291644488e-03 1.909104285731936801e-01 1.208842781288528956e+00 2.569048759103056967e-01
4.197668075561523438e+00 6.638474625066956639e-03 1.751250548689375908e-01 1.070804409317967387e+00 2.127021454160381575e-01
4.203687191009521484e+00 6.847086524848664153e-03 1.691688986982413101e-01 9.481572058425069560e-01 1.833379189610244153e-01
4.209706306457519531e+00 6.684421509272229708e-03 1.614384076275307001e-01 1.041593091947002447e+00 1.800625675346352872e-01
4.215725898742675781e+00 6.576198963553333589e-03 1.390096204108577649e-01 6.515583927764575511e-01 1.210712941751196370e-01
4.221745491027832031e+00 6.880800718602455603e-03 1.416499156711311658e-01 5.288915808914614880e-01 1.013635568260937148e-01
4.227764606475830078e+00 6.021102175973409854e-03 1.183963668091950749e-01 3.862261045581300567e-01 7.663198350429632766e-02
4.233783721923828125e+00 6.744290951367731130e-03 1.152285925788161386e-01 3.295632988331936852e-01 6.665011461167225093e-02
4.239803314208984375e+00 5.673879266372691861e-03 1.007365098875467602e-01 2.530207056810934718e-01 5.486486386937244886e-02
4.245822906494140625e+00 6.291588588103396579e-03 1.072477147858624386e-01 2.584994099808302637e-01 5.584684553813139274e-02
4.251842021942138672e+00 5.768937713331014940e-03 9.071583326263121805e-02 1.898264749417367114e-01 4.295578757453469981e-02
4.257861137390136719e+00 5.757089084628888055e-03 8.609478713765608693e-02 1.770731422713619774e-01 3.959666942947243778e-02
4.263880729675292969e+00 6.215574675729231002e-03 9.253630749372737663e-02 1.842142602512014948e-01 4.175257723356398665e-02
4.269900321960449219e+00 6.434210935209715328e-03 8.603567820401659960e-02 1.592976181541957414e-01 3.593791182054546784e-02
4.275919437408447266e+00 5.861950662041615426e-03 7.674335447509314512e-02 1.331286690970617526e-01 2.983740328024296964e-02
4.281938552856445312e+00 6.618406293888151951e-03 8.547310597309416835e-02 1.264982605258562209e-01 3.102597306648614134e-02
4.287958145141601562e+00 6.794440521556514671e-03 8.559153339353751944e-02 1.317436775387136050e-01 3.097724106136667821e-02
4.293977737426757812e+00 5.888897356784638000e-03 7.120335128153670867e-02 9.935087798080576016e-02 2.453613365920813416e-02
4.299996852874755859e+00 5.309858391590594785e-03 6.446985779938278760e-02 9.561412675313156473e-02 2.303285708951720301e-02
4.306015968322753906e+00 5.692050424648137548e-03 6.493866669220332843e-02 9.184828029903628621e-02 2.157091886315680093e-02
4.312035560607910156e+00 6.263636178502577680e-03 7.183114669528831153e-02 1.042242368823365489e-01 2.449156519662497311e-02
4.318055152893066406e+00 5.325593349747441939e-03 5.870386537760889645e-02 7.950096775760270851e-02 1.920947557683272758e-02
4.324074268341064453e+00 6.128006197444501799e-03 6.415659026749408189e-02 8.398405100967870629e-02 2.026631222296668838e-02
4.330093860626220703e+00 7.076878043449464500e-03 7.156707299282968893e-02 8.471374642203056970e-02 2.089216929586181631e-02
4.336112976074218750e+00 6.469992388676944726e-03 6.810276157610825609e-02 8.796931210178461635e-02 2.065743325626437366e-02
4.342132568359375000e+00 5.442028394983574290e-03 5.997162221184139386e-02 8.547278255276752335e-02 1.900998566206034066e-02
4.348152160644531250e+00 6.876180082608016747e-03 6.866918183355159855e-02 8.617007715792969480e-02 1.999594649310928660e-02
4.354171276092529297e+00 6.515375828710888439e-03 6.453911997760257424e-02 8.975848796799672236e-02 1.977883086782546845e-02
4.360190391540527344e+00 6.343111902633388408e-03 6.174813673099987382e-02 9.357655613981662179e-02 1.911495111839200609e-02
4.366209983825683594e+00 7.177872505390809135e-03 6.556279611723898892e-02 8.730175249969425455e-02 1.894966193145497524e-02
4.372229576110839844e+00 7.298777598489061477e-03 6.606436286641700906e-02 8.683497396880138219e-02 1.897988283292298059e-02
4.378248691558837891e+00 7.556453699845564614e-03 6.549985081798075093e-02 8.658402444292460920e-02 1.842192395252096465e-02
4.384267807006835938e+00 6.963499835989888156e-03 6.627097009138582795e-02 1.191853214765465491e-01 2.272639916241748353e-02
4.390287399291992188e+00 6.604479149659519058e-03 6.360837963020087027e-02 1.057315034080851951e-01 2.022907015356860405e-02
4.396306991577148438e+00 7.648928200876689565e-03 7.258438919779981735e-02 1.500057784254212878e-01 2.699769191114197511e-02
4.402326107025146484e+00 8.468798167290949794e-03 7.782395479017377438e-02 1.254545394983005435e-01 2.521526226829903100e-02
4.408345222473144531e+00 7.346471822365492794e-03 6.915778859123079825e-02 1.200306849710189583e-01 2.293934606921484154e-02
4.414364814758300781e+00 8.097665923616827535e-03 6.987585276751986929e-02 1.057496283386143432e-01 2.195700555121419054e-02
4.420384407043457031e+00 8.378730722642703521e-03 7.986019129604045308e-02 2.080047395929489895e-01 3.573732605558495312e-02
4.426403522491455078e+00 8.080284580357414981e-03 7.661160233340418013e-02 1.931216353723036738e-01 3.408699792376727877e-02
4.432422637939453125e+00 8.718180145850523352e-03 8.243654462957210327e-02 1.852296347165005852e-01 3.357502887660880619e-02
4.438442230224609375e+00 7.892466380464266754e-03 8.195685993333125252e-02 2.330295043510086372e-01 4.082230565941347838e-02
4.444461822509765625e+00 7.569591598356253080e-03 7.490801472798062910e-02 2.029227600273493803e-01 3.568865844631421286e-02
4.450480937957763672e+00 8.528068315080876080e-03 8.147463277939713533e-02 1.974435961022825148e-01 3.368037746108768632e-02
4.456500053405761719e+00 8.849887038753627769e-03 8.763494833877313872e-02 2.498234183535170960e-01 4.268745762626218604e-02
4.462519645690917969e+00 9.713527719340819128e-03 9.085896996480817556e-02 2.565268330748806114e-01 4.430601089468690079e-02
4.468539237976074219e+00 1.028623505100730723e-02 1.019102205425879704e-01 3.189632069538256842e-01 5.508566819823191435e-02
4.474558353424072266e+00 8.378564486475722356e-03 8.557532139677223593e-02 2.755121153218037522e-01 4.467688758842013746e-02
4.480577468872070312e+00 9.550204783961513400e-03 8.680943148996650427e-02 2.869811669729425696e-01 4.687115814543557635e-02
4.486597061157226562e+00 8.413620755813871685e-03 8.630399804255967089e-02 2.858452405864061463e-01 4.569309762878534520e-02
4.492616653442382812e+00 1.024488327441415957e-02 9.367602442355901782e-02 2.700808205812824103e-01 4.413725486819880528e-02
4.498635768890380859e+00 9.134975957128182306e-03 8.705360297842223982e-02 2.798373527389853566e-01 4.606497971802866326e-02
4.504654884338378906e+00 1.054296856604947270e-02 1.002307970737000287e-01 3.511836342162897862e-01 5.261737685372221834e-02
4.510674476623535156e+00 1.023830938283761156e-02 9.256146113038246637e-02 3.159591985821769144e-01 5.036404765490010149e-02
4.516694068908691406e+00 1.126524018662769175e-02 1.086069928831145531e-01 4.253286392996148968e-01 6.339069060242620568e-02
4.522713184356689453e+00 1.178891659862703681e-02 1.113818849712280429e-01 3.811244201903272177e-01 6.027956501688930269e-02
4.528732299804687500e+00 1.286282530524656721e-02 1.130770923962391011e-01 4.192928601662259114e-01 6.310680709677933542e-02
4.534751892089843750e+00 1.113664743867086304e-02 1.070937771516877746e-01 4.300561133467412089e-01 6.181590075589783739e-02
4.540771484375000000e+00 1.328739763355041813e-02 1.177463211445901325e-01 3.266380096391178212e-01 5.163069559340453113e-02
4.546790599822998047e+00 1.244539256419936735e-02 1.219269284077067472e-01 4.310708213231954078e-01 6.112310490693891735e-02
4.552809715270996094e+00 1.053172868618116632e-02 1.080958684798891956e-01 4.685835631055040307e-01 6.715823213567091721e-02
4.558829307556152344e+00 1.222805372256519085e-02 1.168156146368152515e-01 4.596017452285571792e-01 7.040636559246958581e-02
4.564848899841308594e+00 1.427231083820898298e-02 1.288038349631131785e-01 4.147143201419773995e-01 6.363472725814292574e-02
4.570868015289306641e+00 1.349816388408400271e-02 1.271626024289095325e-01 5.612973691414731015e-01 7.783455404812425482e-02
4.576887130737304688e+00 1.495203897761360722e-02 1.308861116450327211e-01 5.105266035678074354e-01 7.014939014951636354e-02
4.582906723022460938e+00 1.466128652922770413e-02 1.338481210403968391e-01 5.385789663077258371e-01 7.561622719761912359e-02
4.588926315307617188e+00 1.357477069763153577e-02 1.289811480468351645e-01 6.002105526996074358e-01 8.294076435997023433e-02
4.594945430755615234e+00 1.475752106479654401e-02 1.288350526335035884e-01 5.099623285448052767e-01 6.476206867028501402e-02
4.600964546203613281e+00 1.455225719086399548e-02 1.268061935505466475e-01 5.373130249171463868e-01 6.975816237716433998e-02
4.606984138488769531e+00 1.428804712649495677e-02 1.362456110689452549e-01 5.694734979882057901e-01 7.435796818819988274e-02
4.613003730773925781e+00 1.508207422973743654e-02 1.379396272513089550e-01 6.330227717267221665e-01 8.099473248226581046e-02
4.619022846221923828e+00 1.382946165055367466e-02 1.354851827827302235e-01 6.224312550304184066e-01 7.691372927464322495e-02
4.625041961669921875e+00 1.648286016802836748e-02 1.416870302495623624e-01 5.808236881692867559e-01 7.866362973528720492e-02
4.631061553955078125e+00 1.639885827506671126e-02 1.392112959410857498e-01 5.478448338413973717e-01 6.976704503327132989e-02
4.637081146240234375e+00 1.750619026028223807e-02 1.467036139308872944e-01 6.174469214691057362e-01 7.715881210921796129e-02
4.643100261688232422e+00 1.507171584742503928e-02 1.389662064043147294e-01 6.036338414206968705e-01 7.343239716448614340e-02
4.649119377136230469e+00 1.642263074207362186e-02 1.456274709209384177e-01 6.803152579950559886e-01 7.560107645616465089e-02
4.655138969421386719e+00 1.717101111346520242e-02 1.579991449510534662e-01 8.144940378178489038e-01 8.441040213874489995e-02
4.661158561706542969e+00 1.572901209182984983e-02 1.438388028201667279e-01 7.389119588243205916e-01 7.647618637148610732e-02
4.667178153991699219e+00 1.758026983303596219e-02 1.449871173427527138e-01 6.962103868791542638e-01 7.221515844879526635e-02
4.673197269439697266e+00 1.867834050379140604e-02 1.515697468401063508e-01 6.911254101196560029e-01 7.456202430549439819e-02
4.679216384887695312e+00 2.102154373454091091e-02 1.590549678452969906e-01 1.213165622680910660e+00 9.201796556926671034e-02
4.685235977172851562e+00 1.961527190216847891e-02 1.543381057443378723e-01 7.693028732232830569e-01 8.107179701976688357e-02
4.691255569458007812e+00 1.757061111289317384e-02 1.485118782576280716e-01 8.492463126710605437e-01 8.240198637271219095e-02
4.697274684906005859e+00 2.053615483918230789e-02 1.597820017726364616e-01 8.556496691356876294e-01 8.021172033213898322e-02
4.703293800354003906e+00 1.829816469752083841e-02 1.568433712722671625e-01 8.048059363004042011e-01 7.652656410662320163e-02
4.709313392639160156e+00 1.821671826908330405e-02 1.455786346518049279e-01 8.713851682206863458e-01 7.506027612325101572e-02
4.715332984924316406e+00 1.978933857398205987e-02 1.569773651490457833e-01 9.078246859406561287e-01 8.076988473232406263e-02
4.721352100372314453e+00 1.886534514099100224e-02 1.540193662752041837e-01 7.935524841839342036e-01 7.191173645547581372e-02
4.727371215820312500e+00 2.111296786726517966e-02 1.543743778647522213e-01 7.661373807911578959e-01 6.999858193393607153e-02
4.733390808105468750e+00 2.056421363918293707e-02 1.507362232839159488e-01 8.537137201590216939e-01 7.512793140682930138e-02
4.739410400390625000e+00 2.118506925729201143e-02 1.544629780255919460e-01 9.005400776370238169e-01 7.468213092329252512e-02
4.745429515838623047e+00 2.047732557450439306e-02 1.532865639689153792e-01 9.520937842640493365e-01 7.767542735875464233e-02
4.751448631286621094e+00 2.076394818862262182e-02 1.543163169203974061e-01 9.107991519504072819e-01 7.050543934945749380e-02
4.757468223571777344e+00 2.334460563990430060e-02 1.641047605867451964e-01 8.815339062990731334e-01 6.870784780630752320e-02
4.763487815856933594e+00 1.811828117826262685e-02 1.431523865245415694e-01 9.195636337861606835e-01 7.005575690769295927e-02
4.769506931304931641e+00 2.154801036531625927e-02 1.495660026482158178e-01 9.000663302262649212e-01 6.421158198579966780e-02
4.775526046752929688e+00 2.222855629621525719e-02 1.571774425514290696e-01 9.434172302534877819e-01 6.920014325165557700e-02
4.781545639038085938e+00 2.274107683860299503e-02 1.530831558492669886e-01 9.989769547026952079e-01 6.593204873108460262e-02
4.787565231323242188e+00 2.012973841059161398e-02 1.381705226958043209e-01 9.589552543987145405e-01 6.442983612009499372e-02
4.793584346771240234e+00 2.237495237483807034e-02 1.426169527010514027e-01 9.224716574506585109e-01 6.099692777042268338e-02
4.799603462219238281e+00 1.755724310504876498e-02 1.212524297909489679e-01 8.619614297552027349e-01 5.449203958238742207e-02
4.805623054504394531e+00 2.283717542692269287e-02 1.422916600259805098e-01 1.063584831882141035e+00 6.483637653843982163e-02
4.811642646789550781e+00 2.140231148812040199e-02 1.359219887572004071e-01 1.039806862697661094e+00 6.066600962168727795e-02
4.817661762237548828e+00 1.846497034128716935e-02 1.291163159258107984e-01 8.846652621101757097e-01 5.447236464363002656e-02
4.823680877685546875e+00 2.445607410204607424e-02 1.311969530401123352e-01 9.100541919234426125e-01 5.114223380293277110e-02
4.829700469970703125e+00 2.103873818531839038e-02 1.281800792248136145e-01 8.720445919683484925e-01 4.903410851559106276e-02
4.835720062255859375e+00 2.022450288171871030e-02 1.342739114068244033e-01 9.821466673996730457e-01 5.704233591380891005e-02
4.841739177703857422e+00 1.951448178252802174e-02 1.159614202340689543e-01 8.891988356604262345e-01 5.134505253105648565e-02
4.847758293151855469e+00 2.015025487913742197e-02 1.182722142856796610e-01 7.821693166142623665e-01 4.532617048099255030e-02
4.853777885437011719e+00 2.382819881074657239e-02 1.254609291495433210e-01 9.658845147027484979e-01 4.666677748051107494e-02
4.859797477722167969e+00 2.420475306485302472e-02 1.172923389088591228e-01 7.225052356252380514e-01 3.828185722749663511e-02
4.865816593170166016e+00 2.066373665144530594e-02 1.152454460131979858e-01 9.938473983282679614e-01 4.434261643121333724e-02
4.871835708618164062e+00 1.942981978193226988e-02 1.065847260528091922e-01 7.217872012215278410e-01 3.710218676290887030e-02
4.877855300903320312e+00 2.244856206637557000e-02 1.083033860202447379e-01 6.608429568658324982e-01 3.448975348942107805e-02
4.883874893188476562e+00 1.826428703352325419e-02 9.047973987509669302e-02 7.175181222139174197e-01 3.291783986684820168e-02
4.889894008636474609e+00 2.440658398825993128e-02 1.142382230546564181e-01 8.234939718345988258e-01 3.820155619891048293e-02
4.895913124084472656e+00 2.143809910383942183e-02 9.202864335367530457e-02 8.441010873420636829e-01 3.779964048240554153e-02
4.901932716369628906e+00 2.058639799328143213e-02 9.295488889061334636e-02 9.410337044742160817e-01 4.068041105737425778e-02
4.907952308654785156e+00 2.045368175498414251e-02 9.411927244158233008e-02 7.831672796076467602e-01 3.369657711218550927e-02
4.913971424102783203e+00 2.128326887781838150e-02 9.123294864159540996e-02 6.442823361097849144e-01 2.915924442306080250e-02
4.919990539550781250e+00 2.089795687753807571e-02 8.773840081003837776e-02 6.577906225911613891e-01 3.238241781615645160e-02
4.926010131835937500e+00 2.339003185718604647e-02 9.256757984509865478e-02 6.245443867822385586e-01 2.818729463503748950e-02
4.932029724121093750e+00 2.060643772335802107e-02 7.730519002520909455e-02 7.023179783014856792e-01 2.461735515898382659e-02
4.938048839569091797e+00 1.825885118741976329e-02 7.531148523425842956e-02 5.160963977739118080e-01 2.544163947162599373e-02
4.944067955017089844e+00 2.409742300813719901e-02 7.840405637386892168e-02 4.047497681002659164e-01 1.890902621505194392e-02
4.950087547302246094e+00 2.463050841035624786e-02 8.604260269391324212e-02 5.076727320955936040e-01 2.200108137223686158e-02
4.956107139587402344e+00 2.072625546070373109e-02 7.298813816703697555e-02 4.679545885742676381e-01 2.000726298543133164e-02
4.962126255035400391e+00 2.324651547914748095e-02 7.765670373622088341e-02 5.254016235329459494e-01 2.082574627463761041e-02
4.968145370483398438e+00 2.344274645125899240e-02 8.195396945196352367e-02 4.425621406407517777e-01 2.108956068938568421e-02
4.974164962768554688e+00 2.551486907690829475e-02 7.448839766334719448e-02 4.253677811253379626e-01 1.922490690583321740e-02
4.980184555053710938e+00 2.016756756434742726e-02 6.784802172948677101e-02 3.739526987056905338e-01 1.666432904106622884e-02
4.986203670501708984e+00 2.439473400400756289e-02 6.834499825662135319e-02 3.240789829267639588e-01 1.504130439974307731e-02
4.992223262786865234e+00 2.559242989182938799e-02 7.584368039726019362e-02 3.920208017867367611e-01 1.715239341486685457e-02
4.998242378234863281e+00 2.469532529837457913e-02 7.355864745399016968e-02 4.381706138162695940e-01 1.996935363389816184e-02
5.004261970520019531e+00 2.832883278995166135e-02 7.395783125871721597e-02 4.837662996542628213e-01 1.966288722132265160e-02
5.010281562805175781e+00 2.562186306471541872e-02 7.272024734709466032e-02 3.609175752502231105e-01 1.668346244983573423e-02
5.016300678253173828e+00 2.637045049224231649e-02 7.190874347563627755e-02 3.793141077360001057e-01 1.533809029935210427e-02
5.022319793701171875e+00 2.971431382320505535e-02 7.241135274469436001e-02 4.065458540396674758e-01 1.503142106183386062e-02
5.028339385986328125e+00 2.752983675385164281e-02 7.152813735296968678e-02 3.534731220215137082e-01 1.612667781695171013e-02
5.034358978271484375e+00 2.616468251870335271e-02 6.959071947719540352e-02 2.693442354742746070e-01 1.333446137696045822e-02
5.040378093719482422e+00 2.957349965011656784e-02 7.016143518916016786e-02 3.163515064649665143e-01 1.427230903750566736e-02
5.046397209167480469e+00 2.594361175809205278e-02 6.691880511776956975e-02 2.963172226519195651e-01 1.313746985923680381e-02
5.052416801452636719e+00 2.538963424927908469e-02 7.071755303235084666e-02 3.152200753595858496e-01 1.450775275391468812e-02
5.058436393737792969e+00 3.072099161187300670e-02 7.064164914702127096e-02 2.914186238068007251e-01 1.427241789873706992e-02
5.064455509185791016e+00 2.894858267342904912e-02 6.664281014199412156e-02 2.504229592997376241e-01 1.157224921333095680e-02
5.070474624633789062e+00 3.143069344768011780e-02 7.429962853167965120e-02 3.354606561271659682e-01 1.468627702346831168e-02
5.076494216918945312e+00 3.680019228112254431e-02 8.001417894811214959e-02 2.648037492277025562e-01 1.361160423809118850e-02
5.082513809204101562e+00 3.059550322152697691e-02 7.158366235497518049e-02 2.847934166667632216e-01 1.345422309864036277e-02
5.088532924652099609e+00 3.782877835037189163e-02 8.032494897879854934e-02 3.307469105084701044e-01 1.599741267994020735e-02
5.094552040100097656e+00 3.481355356025492981e-02 8.147031013982833358e-02 3.195005407153176935e-01 1.465763403958439404e-02
5.100571632385253906e+00 3.438996401420023330e-02 7.491027708741548885e-02 2.905337501665798405e-01 1.372824643861725140e-02
5.106591224670410156e+00 3.155175589719737966e-02 7.954775382938868156e-02 3.786898838934823486e-01 1.823222391065097009e-02
5.112610340118408203e+00 3.327404360597473881e-02 8.346786018861380996e-02 4.223734338193412818e-01 1.835921403971470592e-02
5.118629455566406250e+00 3.557897592277298876e-02 8.042883319849224166e-02 3.030287673310279040e-01 1.480512712522006821e-02
5.124649047851562500e+00 3.419711015591549164e-02 8.214898720368193907e-02 4.401254260842663579e-01 1.984166808720605815e-02
5.130668640136718750e+00 3.938072845622701823e-02 8.688433835273527694e-02 3.690135480125958378e-01 1.614274696418071392e-02
5.136687755584716797e+00 4.168632377848036780e-02 8.064979295647757562e-02 2.765958948416908370e-01 1.388723113219242182e-02
5.142706871032714844e+00 4.192975147179697770e-02 8.785650667945335557e-02 3.976106446687767693e-01 1.840234671640100100e-02
5.148726463317871094e+00 4.119231340097245092e-02 8.534222894707749196e-02 3.140714963651039526e-01 1.399843668914038664e-02
5.154746055603027344e+00 4.815717861555069562e-02 8.800368137318533013e-02 3.454883211583744118e-01 1.719578468813146715e-02
5.160765171051025391e+00 4.502023335067416310e-02 8.934608049281406172e-02 3.620417861557159167e-01 1.807018404832636677e-02
5.166784286499023438e+00 4.272564008986064893e-02 8.753765604143311230e-02 3.400000498588399145e-01 1.638276008700058697e-02
5.172803878784179688e+00 5.171053689069437381e-02 8.914317010405063690e-02 3.451834317040583522e-01 1.651908727523787937e-02
5.178823471069335938e+00 4.551742709450628394e-02 9.064923104175710844e-02 4.092420071616236221e-01 1.952755176691088959e-02
5.184842586517333984e+00 4.975455298082592098e-02 9.737462006369000667e-02 4.233541387142495949e-01 1.890844561194801252e-02
5.190861701965332031e+00 6.026161572589967819e-02 9.711370698331167617e-02 3.360566042122257180e-01 1.580131306385757287e-02
5.196881294250488281e+00 5.302213641456107740e-02 9.307483563627790002e-02 3.560190574404012986e-01 1.539414599544629454e-02
5.202900886535644531e+00 5.832680370924819141e-02 9.719717537779713756e-02 3.813697635106265138e-01 1.812076470421642577e-02
5.208920001983642578e+00 5.397928726821996093e-02 9.242700202176819257e-02 3.332698027324444978e-01 1.567098230200365816e-02
5.214939117431640625e+00 5.886125006030352991e-02 9.758556282940124282e-02 3.667293748471952552e-01 1.564677675532133092e-02
5.220958709716796875e+00 6.001668264938083558e-02 9.604794195198515516e-02 3.134648749747038221e-01 1.293528398162674224e-02
5.226978302001953125e+00 6.503105347266603664e-02 1.030395303755195918e-01 3.076865068410178927e-01 1.428882379291402868e-02
5.232997417449951172e+00 5.795204580731663085e-02 9.089373291516704423e-02 2.976090614382775890e-01 1.358229924396187754e-02
5.239016532897949219e+00 6.512381089232494036e-02 1.052609593674543459e-01 4.108046515580742186e-01 1.729726749169967562e-02
5.245036125183105469e+00 7.357511459353185956e-02 1.061591107522811134e-01 3.033589859250721554e-01 1.380338016736961868e-02
5.251055717468261719e+00 7.036051865413313344e-02 1.047838661429852519e-01 3.532324246034735937e-01 1.548000498934299848e-02
5.257074832916259766e+00 6.942742796617107359e-02 1.025979705441235207e-01 3.265872826412902219e-01 1.471244540408085839e-02
5.263093948364257812e+00 7.352509588987199418e-02 1.022114351601217247e-01 2.382194549184621368e-01 1.122736657964958779e-02
5.269113540649414062e+00 6.736678278179039636e-02 9.784197501791457030e-02 2.878736788151664561e-01 1.402004289979389903e-02
5.275133132934570312e+00 7.948511598299676240e-02 1.051231179434373997e-01 3.900032477791762209e-01 1.583172379059231624e-02
5.281152248382568359e+00 7.900978103627194493e-02 1.020138259042459722e-01 2.568342431609128007e-01 1.232913902605808562e-02
5.287171363830566406e+00 8.503596096571140739e-02 1.036858450210283999e-01 2.797660900589531985e-01 1.431842165174506895e-02
5.293190956115722656e+00 7.688304541645170354e-02 1.031598154592485161e-01 2.887888517311988368e-01 1.363785305836880818e-02
5.299210548400878906e+00 8.679354336611652676e-02 1.090604083097881649e-01 2.529682519651575423e-01 1.245682030654460606e-02
5.305229663848876953e+00 8.523595494000486827e-02 1.107688273928001260e-01 2.905192563118130789e-01 1.322807767763563812e-02
5.311248779296875000e+00 9.292081032011946518e-02 1.111910296437805118e-01 2.553201626629795218e-01 1.141250377377756378e-02
5.317268371582031250e+00 9.662055424477752896e-02 1.152882906524515111e-01 2.870319678301277988e-01 1.384867356152626357e-02
5.323287963867187500e+00 1.002389569193670171e-01 1.138513104088985234e-01 2.418255784334031322e-01 1.117611427896215114e-02
5.329307079315185547e+00 1.022006636717520817e-01 1.192093276243418182e-01 2.797360728609846747e-01 1.343545600687949017e-02
5.335326671600341797e+00 9.602190086233824973e-02 1.115073784607790441e-01 2.568828170519779075e-01 1.276380692241159583e-02
5.341345787048339844e+00 1.141221121013474560e-01 1.230990519416868545e-01 2.509328991254725083e-01 1.229376765606544387e-02
5.347365379333496094e+00 1.172995229138305701e-01 1.203258326941733652e-01 2.786180378847115113e-01 1.305373785263364526e-02
5.353384971618652344e+00 1.101667988571944784e-01 1.210903537371054856e-01 3.009055112245202501e-01 1.480676428688154286e-02
5.359404087066650391e+00 1.312932401970320628e-01 1.326770620916536692e-01 2.431824525787905644e-01 1.188685232087162424e-02
5.365423202514648438e+00 1.355252373248431452e-01 1.378628857038327604e-01 2.051210171798837356e-01 1.059142721005838957e-02
5.371442794799804688e+00 1.323923587493404663e-01 1.330668486066250711e-01 2.130511109356470478e-01 1.061996910710933696e-02
5.377462387084960938e+00 1.450949810647828297e-01 1.415632587182592550e-01 2.184889888375947387e-01 1.130694928549893542e-02
5.383481502532958984e+00 1.596056067051004612e-01 1.473452316153947839e-01 1.614362841644697566e-01 9.007708869665577087e-03
5.389500617980957031e+00 1.496108925948134438e-01 1.419402703914896258e-01 1.770800721731780325e-01 1.090438461751403257e-02
5.395520210266113281e+00 1.640383641016887883e-01 1.486351088404591625e-01 1.474973012616559997e-01 9.971810533808588700e-03
5.401539802551269531e+00 1.749831671317611526e-01 1.571568793343640635e-01 1.676276835015173550e-01 1.085316169759419948e-02
5.407558917999267578e+00 1.822006378837930374e-01 1.635666603326762503e-01 1.844228115986613070e-01 1.178135679020945147e-02
5.413578033447265625e+00 2.083713657443632128e-01 1.746699833693036719e-01 1.705466709122192281e-01 1.124510358582548296e-02
5.419597625732421875e+00 2.091861858884265513e-01 1.809807044171712620e-01 1.524628056039049606e-01 1.101886140787290344e-02
5.425617218017578125e+00 2.147539084696244716e-01 1.830244351234837086e-01 1.507614834224509370e-01 1.020543003047226678e-02
5.431636333465576172e+00 2.237064580039808681e-01 1.882139119915786640e-01 1.677713568541347733e-01 1.132241169334485993e-02
5.437655448913574219e+00 2.579557866629556551e-01 2.104446258312494822e-01 1.335530778298951449e-01 1.042939554125345974e-02
5.443675041198730469e+00 2.652510879166472546e-01 2.196702641747486084e-01 1.466113589622157209e-01 1.226561957400993177e-02
5.449694633483886719e+00 2.930837629968326974e-01 2.345748445374180313e-01 1.414132907802467531e-01 1.203920125969251340e-02
5.455713748931884766e+00 3.006165586670518919e-01 2.417710525589506498e-01 1.454078752281920683e-01 1.302818677031148710e-02
5.461732864379882812e+00 3.336610056637347443e-01 2.598142757583739026e-01 1.485722958225093593e-01 1.262245520004316029e-02
5.467752456665039062e+00 3.505310977326355215e-01 2.700635059889003320e-01 1.336308944762886475e-01 1.338630506030710592e-02
5.473772048950195312e+00 3.780287687461720281e-01 2.926006344810104243e-01 1.746520307131151084e-01 1.643943232317848085e-02
5.479791164398193359e+00 3.924133479440323757e-01 3.033967309924065492e-01 1.297675608786640622e-01 1.395067550600443199e-02
5.485810279846191406e+00 4.194937874827846525e-01 3.206568630054416613e-01 1.484161545209252975e-01 1.530024529181894279e-02
5.491829872131347656e+00 4.512867923873105647e-01 3.436412633625175461e-01 1.645236431611583061e-01 1.688504634450374228e-02
5.497849464416503906e+00 4.685371819054777176e-01 3.518537725748203115e-01 1.712885978584331725e-01 1.894391914111112976e-02
5.503868579864501953e+00 4.853940644576572594e-01 3.679716705654619280e-01 1.626339208979817319e-01 1.881293793489621780e-02
5.509887695312500000e+00 5.050125195002580503e-01 3.822293326482129605e-01 1.801873410099150141e-01 2.085196331856878360e-02
5.515907287597656250e+00 5.583070451598979300e-01 4.199973115122055956e-01 1.626645496628453536e-01 2.101464311677351052e-02
5.521926879882812500e+00 5.941688797224449203e-01 4.286158022743111196e-01 1.453133295834635463e-01 1.907519404302953497e-02
5.527945995330810547e+00 6.360497322938054587e-01 4.663476358014913559e-01 2.052138987647226798e-01 2.416186565114506260e-02
5.533965110778808594e+00 6.554791214937135679e-01 4.674902371441661542e-01 1.789187185653269008e-01 2.311235471924950186e-02
5.539984703063964844e+00 6.640328883395250070e-01 4.804114798399889974e-01 2.157211545513365025e-01 2.636225043534757770e-02
5.546004295349121094e+00 7.402127895089859466e-01 5.337373725838228111e-01 1.688596634726578782e-01 2.445095881392487375e-02
5.552023410797119141e+00 7.194760554921681983e-01 5.234494850533553123e-01 2.017021731001227836e-01 2.662754427916573519e-02
5.558042526245117188e+00 7.719137778880280631e-01 5.427523707786489071e-01 1.900669557455012260e-01 2.658464075751983471e-02
5.564062118530273438e+00 8.751032310037113460e-01 6.135604359404414065e-01 2.150241069073957900e-01 2.959700929665521132e-02
5.570081710815429688e+00 8.729122118371517303e-01 6.303652295318780130e-01 2.185574623666902694e-01 3.053985520836321674e-02
5.576100826263427734e+00 9.119744325781331540e-01 6.416887996346908318e-01 2.364019684422218326e-01 3.381371640847773141e-02
5.582119941711425781e+00 1.007207007984324498e+00 6.905532113383489046e-01 2.190071909254291127e-01 3.321489248544100964e-02
5.588139533996582031e+00 1.058567362315693039e+00 7.079777344022993857e-01 2.546900750224921905e-01 3.488935576915686704e-02
5.594159126281738281e+00 1.092958370654467659e+00 7.503300743623303459e-01 2.303450195871353245e-01 3.539889225808712930e-02
5.600178241729736328e+00 1.124224847228326940e+00 7.662780283635099998e-01 2.646464610845534193e-01 3.820996169708736762e-02
5.606197357177734375e+00 1.185263269897453897e+00 7.987972843508970300e-01 2.301951876002381325e-01 3.623284249481134589e-02
5.612216949462890625e+00 1.249264129126540057e+00 8.317134440768650938e-01 2.229591082746302244e-01 3.658160941900768376e-02
5.618236541748046875e+00 1.289134451835764139e+00 8.607263167663342651e-01 2.526112749808668845e-01 3.928090452644577429e-02
5.624255657196044922e+00 1.297991165727183427e+00 8.734438503996119207e-01 2.378857261920563626e-01 3.890561051901972323e-02
5.630274772644042969e+00 1.370187562678702564e+00 9.138371077007904075e-01 2.538619441003191479e-01 3.954020938772723898e-02
5.636294364929199219e+00 1.463552772265488411e+00 9.682113714300339957e-01 2.815198279048055086e-01 4.444211141545856281e-02
5.642313957214355469e+00 1.530197890411297168e+00 9.845930864082028666e-01 3.273128255376792639e-01 4.470099018527136370e-02
5.648333072662353516e+00 1.580080977423178989e+00 1.022182284079107495e+00 2.565505147250465856e-01 4.207432338241944014e-02
5.654352188110351562e+00 1.657520487174694468e+00 1.055143290054131544e+00 2.629156767071963441e-01 4.509245953282368935e-02
5.660371780395507812e+00 1.764481016787364798e+00 1.126913654829480249e+00 2.840308448337809932e-01 4.678147417543970094e-02
5.666391372680664062e+00 1.787178632555046276e+00 1.129259680839081570e+00 2.503798810269474151e-01 4.532403913407522661e-02
5.672410964965820312e+00 1.839255054849292748e+00 1.176781941595558267e+00 3.030832390180208669e-01 4.892746910207580041e-02
5.678430080413818359e+00 1.898632725940151200e+00 1.203971762943766288e+00 2.935443866840733440e-01 5.142833061629480812e-02
5.684449195861816406e+00 2.023432630258648945e+00 1.249717708815326178e+00 2.959503276865897980e-01 5.191130804025818196e-02
5.690468788146972656e+00 2.026578088194809446e+00 1.268251775420375926e+00 2.958547049913829996e-01 5.086015484651992824e-02
5.696488380432128906e+00 2.116357214781390716e+00 1.312204581398317416e+00 2.912451746678396680e-01 5.208465130459055681e-02
5.702507495880126953e+00 2.170226527605435329e+00 1.343158349363487991e+00 3.019566093096024972e-01 5.388805684589779293e-02
5.708526611328125000e+00 2.196475715107884419e+00 1.365558197897380310e+00 2.845611864376829669e-01 5.353261388081680811e-02
5.714546203613281250e+00 2.316187325919766504e+00 1.424925019120632186e+00 3.171450123471681870e-01 6.073231289500095192e-02
5.720565795898437500e+00 2.333937509689087975e+00 1.454086634551644996e+00 3.388130503140519001e-01 5.915861301712838083e-02
5.726584911346435547e+00 2.386071967167918029e+00 1.469713844371687506e+00 3.330267335749171331e-01 5.968155707319653530e-02
5.732604026794433594e+00 2.479900297568533141e+00 1.518384232538630307e+00 3.418941301255561949e-01 6.122296451050283916e-02
5.738623619079589844e+00 2.454881422391598456e+00 1.517135700937848330e+00 3.210328879579742445e-01 6.028686392715086606e-02
5.744643211364746094e+00 2.465120433392792076e+00 1.539021419584172490e+00 3.322792088121401810e-01 6.192667306896938034e-02
5.750662326812744141e+00 2.587012790666133100e+00 1.597960697664444707e+00 2.932109555873789186e-01 6.126220855715629188e-02
5.756681442260742188e+00 2.530654054070807124e+00 1.580160375849942955e+00 3.103671948404075898e-01 6.341113308761894829e-02
5.762701034545898438e+00 2.512186355717093811e+00 1.585043089565870478e+00 3.037766473906797215e-01 6.281263289039062947e-02
5.768720626831054688e+00 2.563821916254973132e+00 1.620597214432206057e+00 3.604387212268163054e-01 6.729078510098009114e-02
5.774739742279052734e+00 2.595523608818853134e+00 1.616735407394374713e+00 2.962164686623710019e-01 6.413233853968625109e-02
5.780758857727050781e+00 2.560961398920595933e+00 1.633749239273040610e+00 2.815286360999414983e-01 6.296813640274911972e-02
5.786778450012207031e+00 2.503758242907830223e+00 1.616015449759275580e+00 3.071867514942998589e-01 6.548457591512976683e-02
5.792798042297363281e+00 2.500412352472603850e+00 1.624175561619848995e+00 2.909651124563605307e-01 6.533921005178774943e-02
5.798817157745361328e+00 2.484039239883186312e+00 1.636558017502238283e+00 3.203094914014744110e-01 6.827668981749369925e-02
5.804836273193359375e+00 2.459982272729551944e+00 1.624460148825633610e+00 3.089294609435909167e-01 6.861873050607476821e-02
5.810855865478515625e+00 2.440050553636864183e+00 1.613845335691093341e+00 2.920508431631589907e-01 6.533340099024904923e-02
5.816875457763671875e+00 2.381186973085218206e+00 1.603880498767089380e+00 4.269044134834986681e-01 7.350085431007576109e-02
5.822894573211669922e+00 2.337696808466786180e+00 1.611597716147807891e+00 3.094056372590484605e-01 7.033539380941644659e-02
5.828913688659667969e+00 2.322324106163233370e+00 1.595538777043826073e+00 3.170492090148260278e-01 7.028717942051847245e-02
5.834933280944824219e+00 2.300803590660632558e+00 1.604329377875509222e+00 3.032292411966419632e-01 7.035768225273751619e-02
5.840952873229980469e+00 2.205316564454939510e+00 1.555813640494466465e+00 3.706273650377639450e-01 7.265910837634735608e-02
5.846971988677978516e+00 2.245383120114084363e+00 1.572056505089894918e+00 3.007174081136307908e-01 6.894885547286896954e-02
5.852991104125976562e+00 2.126330881113499327e+00 1.547024553839186689e+00 3.254441708838050062e-01 7.074407647299460478e-02
5.859010696411132812e+00 2.082432708691266399e+00 1.528635008511722626e+00 3.077830325156986624e-01 7.050498575205017826e-02
5.865030288696289062e+00 2.015860333936601467e+00 1.504803729888071651e+00 3.079928044469136816e-01 7.239824633438288193e-02
5.871049404144287109e+00 1.970929746921775694e+00 1.491276890657957876e+00 3.593982984381857149e-01 7.315279275600490572e-02
5.877068519592285156e+00 1.930207876678500245e+00 1.487448445544522269e+00 3.002118861345220990e-01 6.980391149685311047e-02
5.883088111877441406e+00 1.917407844971083852e+00 1.483802724890225466e+00 3.179812737423745594e-01 7.018628843243636395e-02
5.889107704162597656e+00 1.881612965765540268e+00 1.469414228753102458e+00 3.421616985047281068e-01 7.365983690810935791e-02
5.895126819610595703e+00 1.805274441942657848e+00 1.440794268557932245e+00 3.577131375715429384e-01 7.487309628773299031e-02
5.901145935058593750e+00 1.774477843700883906e+00 1.441935967253463735e+00 3.681032058376381699e-01 7.651519701409029151e-02
5.907165527343750000e+00 1.725599162075921456e+00 1.435853724988341629e+00 3.575731107228319328e-01 7.472636730014038664e-02
5.913185119628906250e+00 1.666645168946699451e+00 1.387768419664378472e+00 2.930242695686680610e-01 6.928460316492714155e-02
5.919204235076904297e+00 1.669517859929409154e+00 1.400214540124286033e+00 2.946406195901307146e-01 7.177790133887300417e-02
5.925223350524902344e+00 1.523772335869047367e+00 1.321818095434491802e+00 2.871478853220625904e-01 6.820141261209061723e-02
5.931242942810058594e+00 1.529218801251572613e+00 1.338536134006205858e+00 3.301746010891501437e-01 7.376212119199958284e-02
5.937262535095214844e+00 1.481045614745476691e+00 1.312685582443266608e+00 3.291968166694157483e-01 7.268892659093542652e-02
5.943281650543212891e+00 1.396693755005471660e+00 1.272951175627633491e+00 3.401663618753133500e-01 7.506671979447476772e-02
5.949300765991210938e+00 1.372953248345541999e+00 1.259151594807321750e+00 3.101265229519311051e-01 7.146901100378998117e-02
5.955320358276367188e+00 1.328028985497848424e+00 1.212258113416786687e+00 2.712853622391525055e-01 6.530294534054406630e-02
5.961339950561523438e+00 1.267182178806657733e+00 1.176255024696976959e+00 2.653636320169494023e-01 6.365899577218361860e-02
5.967359066009521484e+00 1.187320829203431627e+00 1.145090131063686956e+00 3.299076322330863897e-01 6.994791829695332086e-02
5.973378181457519531e+00 1.159184363353112257e+00 1.124556087126731940e+00 2.692239939598823906e-01 6.484065759990897959e-02
5.979397773742675781e+00 1.104727466790830004e+00 1.089746003276644171e+00 2.870172434084416468e-01 6.496959144352666693e-02
5.985417366027832031e+00 1.088152826746525470e+00 1.085822294806300548e+00 2.645916146474956432e-01 6.316018868698561328e-02
5.991436481475830078e+00 1.004293997972824926e+00 1.025109651886994433e+00 2.762620974659096840e-01 6.375519770964178934e-02
5.997456073760986328e+00 9.474735671490667199e-01 9.885110549572746486e-01 2.897080184709216466e-01 6.206997856409045278e-02
6.003475189208984375e+00 9.333731828814758602e-01 9.837797560124118545e-01 2.579942306380097472e-01 6.108294230116284584e-02
6.009494781494140625e+00 8.798180487149664941e-01 9.423272703965884789e-01 2.819402891307059567e-01 6.011891064862773248e-02
6.015514373779296875e+00 8.431749481425990789e-01 9.038120724789938665e-01 2.324657230938515229e-01 5.559939418431315838e-02
6.021533489227294922e+00 8.070651771930895668e-01 8.991608342480578164e-01 2.372756489828211912e-01 5.727066433979789706e-02
6.027552604675292969e+00 7.413707357483857452e-01 8.369152585397169331e-01 2.463651714392093017e-01 5.615064267515413460e-02
6.033572196960449219e+00 7.034144643475467307e-01 8.129300222693235378e-01 2.323427625505297134e-01 5.729081794979561104e-02
6.039591789245605469e+00 6.741920298689879631e-01 7.866995041496818164e-01 2.122945208288868901e-01 5.222730472489594405e-02
6.045610904693603516e+00 6.560720613503947529e-01 7.800876469793904811e-01 2.202648953200150028e-01 5.367080001612664630e-02
6.051630020141601562e+00 6.063894167929761991e-01 7.225734386139681664e-01 2.024709057599301254e-01 4.852313097831304628e-02
6.057649612426757812e+00 5.488101582712917592e-01 6.885768271695079656e-01 2.185674709095719870e-01 5.112726688936120034e-02
6.063669204711914062e+00 5.146615285535793838e-01 6.577595615048819067e-01 2.286097457992621318e-01 5.115245504552914241e-02
6.069688320159912109e+00 4.979338504696942946e-01 6.301333439041063578e-01 2.173683799717056331e-01 4.884204859472374843e-02
6.075707435607910156e+00 4.460113932920375945e-01 5.733856753734902778e-01 1.982370816809187752e-01 4.522549564853344667e-02
6.081727027893066406e+00 4.212356571345396428e-01 5.574652883256594471e-01 1.898497208988296769e-01 4.247752288894782180e-02
6.087746620178222656e+00 3.938814657174083966e-01 5.253381827769045831e-01 1.721441686096966128e-01 4.130948330299780147e-02
6.093765735626220703e+00 3.767999929640896140e-01 5.087586181615639802e-01 1.763279722050908882e-01 4.152806719332718943e-02
6.099784851074218750e+00 3.391688572033788596e-01 4.731635965948259304e-01 1.826313669130375239e-01 4.028516201484997478e-02
6.105804443359375000e+00 2.997525270403664788e-01 4.279133145702296859e-01 1.797471902896930762e-01 3.873756584090477101e-02
6.111824035644531250e+00 2.957631473343675932e-01 4.221584315489194661e-01 1.531153974325280553e-01 3.615862014678480896e-02
6.117843151092529297e+00 2.850693918983153718e-01 4.072167961235431677e-01 1.707683920401666666e-01 3.877085814222750587e-02
6.123862266540527344e+00 2.616195313107842479e-01 3.912831153703550946e-01 1.891356130486282205e-01 3.911196837725396808e-02
6.129881858825683594e+00 2.343217865925935062e-01 3.504636849229106899e-01 1.498899604281811182e-01 3.475359799685455442e-02
6.135901451110839844e+00 2.271098553832835432e-01 3.480155368546457573e-01 1.471127718551470676e-01 3.392153585613819772e-02
6.141920566558837891e+00 2.113486033873438752e-01 3.339153122275311247e-01 1.543182140516608791e-01 3.664657820744050831e-02
6.147939682006835938e+00 1.941119812697126856e-01 3.049096001994771599e-01 1.257204584195215913e-01 3.013151477114687712e-02
6.153959274291992188e+00 1.821437821379373045e-01 3.011381637342495088e-01 1.230805328190110043e-01 3.024610308363661487e-02
6.159978866577148438e+00 1.716679708040642627e-01 2.856200441078431407e-01 1.320139755879817800e-01 3.136925469063858718e-02
6.165997982025146484e+00 1.751156212896821107e-01 2.891522557658565140e-01 1.198508395992749637e-01 3.032742913473521207e-02
6.172017097473144531e+00 1.508752348550552458e-01 2.569923634173730820e-01 1.108535802551425392e-01 2.861619515292417038e-02
6.178036689758300781e+00 1.334947579539294826e-01 2.458782336328641238e-01 1.216522441042763858e-01 2.992529704486852210e-02
6.184056282043457031e+00 1.274417817751347937e-01 2.401308076499602262e-01 1.178845102322307048e-01 2.838541248792647576e-02
6.190075397491455078e+00 1.129284220074012468e-01 2.210353320816397238e-01 9.560159382465606426e-02 2.593426205380744767e-02
6.196094512939453125e+00 9.816646007210674818e-02 2.088280326197826664e-01 1.065490075479961218e-01 2.620036316897096304e-02
6.202114105224609375e+00 1.026935102489648088e-01 2.022453964516701952e-01 8.174759980537903148e-02 2.422865590287213988e-02
6.208133697509765625e+00 9.061244415757281623e-02 2.046361559998713386e-01 1.226438043131607009e-01 3.013340493386271884e-02
6.214152812957763672e+00 8.404450617524947265e-02 1.859159954340011134e-01 7.876631898708900958e-02 2.381961661528028684e-02
6.220171928405761719e+00 8.076932535993724960e-02 1.822225581396969829e-01 8.450260638568922456e-02 2.378637727658219209e-02
6.226191520690917969e+00 7.392981580056556812e-02 1.696748995602563315e-01 7.191162104258275178e-02 2.208452756743872064e-02
6.232211112976074219e+00 6.905328967688714736e-02 1.691978278571735494e-01 7.955056698390906844e-02 2.432747471221605867e-02
6.238230228424072266e+00 6.616803053769369780e-02 1.709714229483003667e-01 7.504976022916594325e-02 2.366443642971488223e-02
6.244249343872070312e+00 6.049244147155291573e-02 1.523863937145870373e-01 1.124455600726097931e-01 2.564525600398470662e-02
6.250268936157226562e+00 5.495864107744363736e-02 1.494704880425316851e-01 7.637191342038397723e-02 2.339765734252955212e-02
6.256288528442382812e+00 5.841892954341910971e-02 1.513746716387232016e-01 7.287473663435985183e-02 2.142033426786326203e-02
6.262307643890380859e+00 5.561021020166188183e-02 1.473695103338969470e-01 7.455921088201186708e-02 2.245787531442239998e-02
6.268326759338378906e+00 5.478523135117494003e-02 1.450534572335822892e-01 6.263179220820128124e-02 2.057632275049963225e-02
6.274346351623535156e+00 5.155335122315543583e-02 1.405636489137456202e-01 5.277638100040520780e-02 1.975894166378983421e-02
6.280365943908691406e+00 5.214585566660611543e-02 1.390112846020719883e-01 7.424109502871548139e-02 2.259493328550965172e-02
6.286385059356689453e+00 4.754410018556658873e-02 1.256164669160349245e-01 6.409097665804516786e-02 2.190756816484956335e-02
6.292404174804687500e+00 4.741851732237083172e-02 1.331606766383406082e-01 5.669271182793299280e-02 2.044563872846303504e-02
6.298423767089843750e+00 4.361652762100418079e-02 1.218607095753442837e-01 7.072009373020077261e-02 2.209149515417990761e-02
6.304443359375000000e+00 4.292774674012870412e-02 1.162115967587468573e-01 4.575986230969589230e-02 1.823743899690063661e-02
6.310462474822998047e+00 3.995584256160525372e-02 1.173473659209419429e-01 4.620379970780428419e-02 1.924052807535767823e-02
6.316481590270996094e+00 3.770405926080784564e-02 1.074590695920431827e-01 4.803251303733545308e-02 1.833074741801553678e-02
6.322501182556152344e+00 3.689111503469896802e-02 1.061531099840956616e-01 3.867271894381148906e-02 1.717088714299156577e-02
6.328520774841308594e+00 3.222196226714485467e-02 1.009710294178510215e-01 4.606051330088023477e-02 1.855028815069875367e-02
6.334540367126464844e+00 3.269580969770724543e-02 9.809997479379231611e-02 3.713512361785806931e-02 1.610883502930652439e-02
6.340559482574462891e+00 3.623515430008444199e-02 1.014774495740133065e-01 7.301498777178026811e-02 1.880106904504334417e-02
6.346578598022460938e+00 3.570796753172354732e-02 1.054976478792403749e-01 7.431981837397261259e-02 2.063446565732257945e-02
6.352598190307617188e+00 3.002603535565856463e-02 8.849422186695903025e-02 3.952559939925984894e-02 1.669549828027607971e-02
6.358617782592773438e+00 2.910042845736479991e-02 9.198795395926265273e-02 4.119599907930557303e-02 1.720404068382811943e-02
6.364636898040771484e+00 2.644193903939344101e-02 8.431700336010976293e-02 2.930921312646886032e-02 1.469122437742147007e-02
6.370656013488769531e+00 2.694979261089890804e-02 8.101741297771448969e-02 2.648798895241090759e-02 1.415469732427318897e-02
6.376675605773925781e+00 2.556089707517981632e-02 7.575001029465436297e-02 3.456479345693469485e-02 1.562080882249771568e-02
6.382695198059082031e+00 2.454213974119191441e-02 7.590974185750160030e-02 2.199655015568229011e-02 1.241872079615444734e-02
6.388714313507080078e+00 2.441429651333176451e-02 7.790846459057330919e-02 4.593814712805275452e-02 1.582021172128693712e-02
6.394733428955078125e+00 2.348004053196114937e-02 7.814328806883291678e-02 3.069291026396612707e-02 1.428056126815790798e-02
6.400753021240234375e+00 2.610346930955004599e-02 7.909383445442587368e-02 3.394633345726320861e-02 1.542149895543588889e-02
6.406772613525390625e+00 2.099583052752133222e-02 7.009105882874958060e-02 2.936825611242940143e-02 1.459588382740565314e-02
6.412791728973388672e+00 2.148040331443134415e-02 7.004106381921451630e-02 2.221993919932586242e-02 1.229277014918905148e-02
6.418810844421386719e+00 2.068823146460469983e-02 6.684545729400465097e-02 2.200849933626881222e-02 1.196293613218508793e-02
6.424830436706542969e+00 1.901144907999142639e-02 6.347483227797590111e-02 2.094962306321983964e-02 1.186267223242685846e-02
6.430850028991699219e+00 1.786908111298892571e-02 6.224310349134881681e-02 2.609251625665430854e-02 1.231446151004768341e-02
6.436869144439697266e+00 1.630158711424787091e-02 5.758047108882081294e-02 2.549389596724420740e-02 1.354111883143741674e-02
6.442888259887695312e+00 1.804462596746401332e-02 5.762343490187509659e-02 1.655189677121812752e-02 9.900265871623516525e-03
6.448907852172851562e+00 1.639880285154378739e-02 6.148339674390528725e-02 1.906121024463261482e-02 1.167443395699277811e-02
6.454927444458007812e+00 1.744244080054017931e-02 5.763739200011747110e-02 1.758062946755220915e-02 1.075951702991672504e-02
6.460946559906005859e+00 1.586062680676719044e-02 5.657512075424634551e-02 1.784570929143689325e-02 1.121598829361209262e-02
6.466965675354003906e+00 1.350036407681342449e-02 4.994754198007696211e-02 1.472637523744507737e-02 9.978923083293346832e-03
6.472985267639160156e+00 1.362934261012274488e-02 4.976060633498607944e-02 1.991375659604945406e-02 1.115366682907109261e-02
6.479004859924316406e+00 1.473811535393390083e-02 5.466880678939468191e-02 5.404537856567882131e-02 1.596873283898805548e-02
6.485023975372314453e+00 1.217701144026278257e-02 4.547212805076153441e-02 1.496872102452220278e-02 8.666817770593649925e-03
6.491043090820312500e+00 1.391967239002866834e-02 4.963220943375228067e-02 1.538792340682507663e-02 1.000286677662553560e-02
6.497062683105468750e+00 1.157063464470212653e-02 4.213315211029796531e-02 1.227248037650290752e-02 8.419046534237055110e-03
6.503082275390625000e+00 1.118901641975479991e-02 4.260363359434853753e-02 1.726599846419921841e-02 1.007637419264037493e-02
6.509101390838623047e+00 1.057529091866916265e-02 4.247057076743857018e-02 3.996372186010856836e-02 1.337047987383660659e-02
6.515120506286621094e+00 1.140193217586320078e-02 4.336328316737800975e-02 1.136661926595773989e-02 7.778679010692098397e-03
6.521140098571777344e+00 1.031413184085802799e-02 4.074928256448932112e-02 1.136674632892099683e-02 7.782210085373792580e-03
6.527159690856933594e+00 1.057659175738090603e-02 4.191244147032681389e-02 1.566642849615843686e-02 9.043920960925778615e-03
6.533178806304931641e+00 9.458232792230545499e-03 3.840915349854868988e-02 4.713376553661657864e-02 1.659492771869133451e-02
6.539197921752929688e+00 8.987018833128435427e-03 3.610476882957833894e-02 8.887036102132511717e-03 7.694139116442051327e-03
6.545217514038085938e+00 9.638738052902977999e-03 3.829876568279740046e-02 8.817321970576634180e-03 7.226681734117878023e-03
6.551237106323242188e+00 9.640717830491410054e-03 3.596101879774922516e-02 7.655964419379482876e-03 6.357466399170410253e-03
6.557256221771240234e+00 8.572079407966290768e-03 3.662584466360815916e-02 1.208184360546833529e-02 7.711212188151565783e-03
6.563275337219238281e+00 9.570184567140323229e-03 3.844908560398943576e-02 1.121245109362964919e-02 8.430301997256662086e-03
6.569294929504394531e+00 9.084334816370356197e-03 3.680790574304193541e-02 1.005053536689168130e-02 6.560691263665372093e-03
6.575314521789550781e+00 7.435300408237190302e-03 3.230947884659091801e-02 8.068832622363615245e-03 6.981977058229966310e-03
6.581333637237548828e+00 8.647738664720903620e-03 3.644021083096537356e-02 9.143295776340982020e-03 7.736150403567817850e-03
6.587352752685546875e+00 7.250222256221905415e-03 2.928422219878063643e-02 6.340918867917108917e-03 6.032284552060524635e-03
6.593372344970703125e+00 7.120583923938899988e-03 3.084904313651738034e-02 7.629805986464829881e-03 5.886198182969667667e-03
6.599391937255859375e+00 7.567995546911922104e-03 3.160317663504362551e-02 3.708434768845455393e-02 1.276794957734934781e-02
6.605411052703857422e+00 9.026587034363119100e-03 3.392740109117323849e-02 9.308555907044206712e-03 6.786657984896902508e-03
6.611430168151855469e+00 7.256114625480128769e-03 2.909378622053015312e-02 5.945992632264798447e-03 5.583059960591138342e-03
6.617449760437011719e+00 7.089343577269207816e-03 2.928437056210569239e-02 6.192687629468690384e-03 5.538013886110671434e-03
6.623469352722167969e+00 7.305664699191503214e-03 2.677757311218641190e-02 1.850517062738347984e-02 8.028599981253901896e-03
6.629488468170166016e+00 8.038686700263013990e-03 3.170922784791866539e-02 9.376460732359093164e-03 7.179199646164107287e-03
6.635507583618164062e+00 7.095852976044128048e-03 2.817754125149947095e-02 5.983009674063644381e-03 5.289259629745571810e-03
6.641527175903320312e+00 7.103904941979416639e-03 2.964933200872139560e-02 7.937311967289542580e-03 6.484364443812558158e-03
6.647546768188476562e+00 6.782755702824738199e-03 2.422931032012343514e-02 4.352435753996690589e-03 4.035241540802738704e-03
6.653565883636474609e+00 6.249979689650944983e-03 2.462511457814490698e-02 7.193137022291113888e-03 6.215091861512714311e-03
6.659584999084472656e+00 6.118985616758697461e-03 2.320634562890426175e-02 1.366263261704409211e-02 7.075668245456147830e-03
6.665604591369628906e+00 6.454413014593764555e-03 2.448086904336408895e-02 1.447294051823982790e-02 8.089584464482338366e-03
6.671624183654785156e+00 6.550059996406460382e-03 2.389797058293051044e-02 1.162336261276795783e-02 7.228825544186875604e-03
6.677643775939941406e+00 5.647380445992774417e-03 1.911991784398771321e-02 2.910008679138923870e-03 3.110693666841286929e-03
6.683662891387939453e+00 5.806559696435201375e-03 2.168660985114672854e-02 4.923940902698716038e-03 4.382953176541176839e-03
6.689682006835937500e+00 6.117372805378842870e-03 2.315675854080459853e-02 4.101959551615031938e-03 3.939351692800876353e-03
6.695701599121093750e+00 6.336614408994066874e-03 2.128329796047499431e-02 3.743330988532393971e-03 3.685058944100690591e-03
6.701721191406250000e+00 6.227635338627821558e-03 2.159537668810758079e-02 4.528720107670738612e-03 3.727759973909243810e-03
6.707740306854248047e+00 5.945328690890084450e-03 2.273652611290569170e-02 9.405273827168963985e-03 5.429616010374120789e-03
6.713759422302246094e+00 6.008858429798010284e-03 2.074369005180110026e-02 3.344957610165850536e-03 3.294595848564363730e-03
6.719779014587402344e+00 5.471476829902776132e-03 1.919430131607078108e-02 2.851254687212436897e-02 8.101472939962033742e-03
6.725798606872558594e+00 4.798593462040660375e-03 1.711676787611770764e-02 4.486052920014135977e-03 2.969017769158044991e-03
6.731817722320556641e+00 4.913198763665016337e-03 1.705065223359585394e-02 2.606271769834761758e-03 2.819349144575653606e-03
6.737836837768554688e+00 5.094858886170745144e-03 1.733839268496843375e-02 2.742581641396820650e-03 2.424375666332648227e-03
6.743856430053710938e+00 5.170714207415905497e-03 1.919483911694648548e-02 2.712306753030177889e-02 8.221204773118937978e-03
6.749876022338867188e+00 5.229395088831015857e-03 1.490399801004681918e-02 2.053669901204101950e-03 1.884074571920705578e-03
6.755895137786865234e+00 5.008568167563500102e-03 1.778730637134324014e-02 2.940763276228936310e-03 2.913405241056367563e-03
6.761914253234863281e+00 3.668652678496205945e-03 1.383476384280589618e-02 3.213427619742279234e-03 2.569658665338575305e-03
6.767933845520019531e+00 4.986378112555496685e-03 1.828736308907069619e-02 8.785260352626609801e-03 6.005052743258596469e-03
6.773953437805175781e+00 4.995142430066009005e-03 1.808839412746413369e-02 2.694297529851002061e-03 2.746956499377168574e-03
6.779972553253173828e+00 4.643732955943872913e-03 1.669259146932313212e-02 1.096666587094963057e-02 4.796881934261847807e-03
6.785991668701171875e+00 4.735453140126908052e-03 1.629396690911856863e-02 2.382012619657735905e-03 2.281810592363176307e-03
6.792011260986328125e+00 3.493276973063506093e-03 1.249545088508792652e-02 1.972227613853848316e-02 6.057976371197169863e-03
6.798030853271484375e+00 3.598856051959227823e-03 1.233441182343497818e-02 2.016405180034808002e-03 1.930088730617231805e-03
6.804049968719482422e+00 3.765064019259354352e-03 1.305435731512284182e-02 1.031643551095661436e-02 4.116249167591988674e-03
6.810069084167480469e+00 3.286836520259516902e-03 1.144435546904729734e-02 1.910154188602638994e-03 1.976756407359833018e-03
6.816088676452636719e+00 3.325637117732965515e-03 1.356424686627546138e-02 1.351422532325986456e-02 4.997075194700033134e-03
6.822108268737792969e+00 3.685884945785820703e-03 1.364892660965422340e-02 1.177384693777563940e-02 5.100602048365964099e-03
6.828127384185791016e+00 4.200844963177421953e-03 1.392589928863211153e-02 2.556923561396412872e-03 2.891288171969967451e-03
6.834146499633789062e+00 3.901412452310822412e-03 1.401869636100482042e-02 5.489188845343941428e-03 2.970348269057656188e-03
6.840166091918945312e+00 3.085864665345714949e-03 1.164626560348568964e-02 2.155610042022898260e-03 2.153413350664687247e-03
6.846185684204101562e+00 2.832969184311097052e-03 1.049190658344612177e-02 2.419292196264844191e-03 2.212764156229504470e-03
6.852204799652099609e+00 2.628406603970939465e-03 1.130262810840127786e-02 2.596171554953989255e-02 8.043740224571384670e-03
6.858223915100097656e+00 2.090297655440920797e-03 8.832920525878902238e-03 6.400016751219063209e-03 4.411627536786486350e-03
6.864243507385253906e+00 2.779258619289207751e-03 1.048040505115388835e-02 3.470669555504369511e-03 2.592542485577273900e-03
6.870263099670410156e+00 2.853363520117928147e-03 9.207530530471694577e-03 1.310709791755897569e-03 1.253655624125833050e-03
6.876282215118408203e+00 2.543946153825504038e-03 8.753233181339699354e-03 1.532759589384939149e-03 1.380629189722351298e-03
6.882301330566406250e+00 2.951774985436385161e-03 9.552938269240590294e-03 1.583232384652344870e-03 1.564127398238888056e-03
6.888320922851562500e+00 3.009366033146921703e-03 9.913873129387542477e-03 1.826978238333034450e-03 1.481959612422625991e-03
6.894340515136718750e+00 2.192002842596863128e-03 8.481716747091937181e-03 1.907830583730275517e-02 5.484323034595230476e-03
6.900359630584716797e+00 2.256099053443238241e-03 8.207255662139747651e-03 7.687925639592362546e-03 3.627382945421040675e-03
6.906378746032714844e+00 2.588785267935457372e-03 8.225482305721572296e-03 4.160612628954465930e-03 2.528251370195694868e-03
6.912398338317871094e+00 2.100648680513775204e-03 7.937654305221942055e-03 3.495490966302458591e-03 2.456890394053014813e-03
6.918417930603027344e+00 1.888887812062601959e-03 7.170485882268402313e-03 1.613444103907805873e-03 1.410424462933741437e-03
6.924437046051025391e+00 1.837084375541316690e-03 6.661044283714121286e-03 7.869608302549494297e-03 2.432224949293618297e-03
6.930456161499023438e+00 2.710191675674335308e-03 8.410401548868346247e-03 1.794969657341737457e-03 1.265409869481861184e-03
6.936475753784179688e+00 1.994780140688083396e-03 6.985428191293674600e-03 2.222350061209041848e-03 2.181732534910729888e-03
6.942495346069335938e+00 1.900635097814316020e-03 6.233533587895097490e-03 8.884135206889309973e-04 7.950528038555400518e-04
6.948514461517333984e+00 2.632703285673632446e-03 8.791922377973644329e-03 2.381170532541319364e-03 1.618852841038124829e-03
6.954533576965332031e+00 1.772689554136537473e-03 6.142781938599139319e-03 2.097066959678534417e-03 1.142880642720169168e-03
6.960553169250488281e+00 1.413221986679089222e-03 5.103693330816366780e-03 1.367423710852072767e-02 5.108322371104989830e-03
6.966572761535644531e+00 1.770653197406934620e-03 5.814169067336622497e-03 9.744425382884143363e-04 8.927191171236093566e-04
6.972591876983642578e+00 2.169741941498425000e-03 6.682739318430165956e-03 2.834630177648261428e-03 1.340948505768237847e-03
6.978610992431640625e+00 1.583278394761073902e-03 6.104770104628603339e-03 1.598872740539773393e-02 5.780719074645343861e-03
6.984630584716796875e+00 1.779010144738388515e-03 5.948646630696228892e-03 3.543212752638481063e-03 1.928708270227474410e-03
6.990650177001953125e+00 1.791197492604106175e-03 5.875096708201597850e-03 1.356338048567215342e-02 2.904513926148885941e-03
6.996669292449951172e+00 1.215658065853897742e-03 4.481179037638903344e-03 1.149171193366554412e-02 3.320402931069191439e-03
