0.07922202409153559 167511148335370.2
0.07938771149934204 54664441840307.125
0.08871680077278205 74871569972676.03
0.09915148921062142 97514913139454.06
0.1090151223631192 81765162840825.1
0.11887366081735823 57486099404679.3
0.1483665312703594 147706261832509.62
0.2859326591260112 280599848166342.8
0.20773554161135988 66019484840818.98
0.27714988655676087 51331329602901.414
0.26800701054040477 33046516247646.69
0.31627973372113294 92728474415162.05
0.7215730754565222 92728474415162.05
0.47624465193965 48811773815271.86
0.5325970345328402 45262413193881.13
0.5041774234387747 26349053988017.03
