0.07431017935766696  599484250318939.6
0.08734847779326925  530318816782364.9
0.08792673245168371  494816809215512.5
0.09238742921539782  645929597703239.6
0.09836396286948228  301416252987738.56
0.10895639126523299  722430871452469.1
0.12849686692617668  269498005590694.6
0.12977496735293556  363232905952108.8
0.13457106531621182  440066712085017.25
0.1350157667244828  476695158119849.2
0.1717823880985612  497461252808746.3
0.22889269718403732  1167157942172871.8
0.2453130569966678  500119829070449.6
0.2453130569966678  536002316539176.3
0.2586100566913441  268065386928940.06
0.3215214727441846  387224620637942.5
0.3423206650010263  994684121470155
0.3620684298769454  449549767900181.25
0.375449405380309  373043312848547.75
0.3816940619589388  238404700997610.9
0.39842057594645086  497461252808746.3
0.4077287491708519  373043312848547.75
0.44278331652179054  239678804408021.44
0.4531279223476041  185574593761564.4
0.4546253216936031  282741064588196.25
0.4792679266888768  571405537003594.5
0.4888494666656538  194693679033588.7
0.5938956479462614  486967525165861.1
0.6260872905196051  218916137913239.44
0.6449559546641422  321324946899704.4
0.6492256202001503  275305453777317.97
0.726291117827856  367125723003502.9